#    Lat      Long     Age       dt    Int-Kilauea  sd   rep
   19.6382  204.488  1843.00  0.100000  39.0945  2.39354 0
   19.8627  204.092  1859.00  0.100000  38.7868  1.98907 0
   19.6856  204.536  1935.00  0.100000  35.3837  2.19279 0
   19.2641  204.126  1950.00  0.100000  34.8669  3.20615 0
   19.5159  204.190  1960.00  0.100000  35.9574  3.19622 0
   19.3622  205.033  1990.00  0.100000  32.7233  1.30093 0
   19.7300  204.580 -2650.00  190.000  54.0923  4.98087 0
   19.7000  204.120 -2440.00  70.0000  47.9338  8.55036 0
   19.7000  204.120 -2440.00  70.0000  57.6501  14.1908 0
   19.6900  204.850 -2260.00  80.0000  60.7868  4.64447 0
   19.7000  204.100 -2170.00  500.000  46.0404  7.83284 0
   19.7100  204.880 -2100.00  50.0000  50.4189  1.69392 0
   19.0700  204.390 -1770.00  250.000  55.0362  2.71164 0
   19.4400  204.650 -1680.00  80.0000  67.8233  7.04826 0
   19.4400  204.650 -1680.00  80.0000  67.8233  7.04826 0
   19.4400  204.650 -1680.00  80.0000  57.3059  5.16872 0
   19.3000  204.690 -1530.00  80.0000  55.1815  8.33230 0
   19.3000  204.690 -1530.00  60.0000  45.4671  10.3152 0
   19.7000  204.100 -1400.00  30.0000  35.8557  4.40473 0
   19.7900  204.100 -1080.00  200.000  75.7524  18.9381 0
   19.6400  204.960 -940.000  70.0000  53.6540  11.5685 0
   19.5100  204.170 -890.000  60.0000  54.9090  4.46504 0
   19.5100  204.170 -890.000  60.0000  87.5727  12.6060 0
   19.4500  204.760 -820.000  150.000  75.9819  4.39837 0
   19.4500  204.760 -820.000  150.000  72.0033  9.68641 0
   19.4500  204.760 -820.000  150.000  57.7686  11.3258 0
   19.5400  204.660 -600.000  80.0000  42.7366  2.29659 0
   19.7100  204.150 -440.000  60.0000  56.1284  6.90520 0
   19.7100  204.150 -440.000  60.0000  63.9404  6.67603 0
   19.7100  204.150 -440.000  60.0000  58.1213  6.91516 0
   19.3500  204.960 -410.000  90.0000  43.3874  0.620535 0
   19.4600  204.710 -240.000  70.0000  46.7269  6.99655 0
   19.1200  204.500 -235.000  70.0000  51.2888  12.3454 0
   19.1200  204.430 -230.000  60.0000  54.1694  15.8283 0
   19.5000  204.610 -170.000  70.0000  55.5352  12.7274 0
   19.5000  204.610 -170.000  70.0000  73.3176  4.94511 0
   19.3800  204.100 -170.000  160.000  54.2668  9.64476 0
   19.5000  204.610 -170.000  70.0000  55.5352  12.7274 0
   19.3900  204.220 -100.000  150.000  69.8458  4.45164 0
   19.7800  204.170 -80.0000  80.0000  65.2388  15.7198 0
   19.2000  204.500  140.000  80.0000  61.9675  3.60976 0
   19.5300  204.640  260.000  70.0000  39.2467  3.09579 0
   19.2000  204.500  515.000  60.0000  36.8997  6.81843 0
   19.1900  204.540  620.000  60.0000  51.3050  4.91389 0
   19.5600  204.650  630.000  50.0000  42.3268  3.59378 0
   19.3500  204.730  640.000  40.0000  60.6823  5.76497 0
   19.3500  204.730  640.000  40.0000  60.5522  5.91510 0
   19.6700  204.190  770.000  120.000  41.2723  3.87800 0
   19.3000  204.690  770.000  40.0000  47.8206  4.49664 0
   19.4500  204.750  780.000  150.000  65.3658  13.2251 0
   19.7100  204.910  850.000  60.0000  69.5801  16.0324 0
   19.7100  204.910  850.000  60.0000  69.5502  16.0324 0
   19.7100  204.910  850.000  60.0000  42.2682  4.28461 0
   19.3300  204.820  892.000  50.0000  63.9709  6.43714 0
   19.3900  204.480  920.000  60.0000  37.7340  2.71100 0
   19.3900  204.480  920.000  60.0000  30.5913  5.34197 0
   19.4200  204.610  1040.00  70.0000  61.4800  2.97000 0
   19.3300  204.720  1050.00  120.000  63.9409  4.15461 0
   19.3300  204.720  1050.00  120.000  63.9409  4.15461 0
   19.3300  204.720  1050.00  120.000  58.0944  11.9933 0
   19.4500  204.060  1050.00  70.0000  47.9323  0.0300  0
   19.4500  204.060  1050.00  70.0000  62.8167  9.87634 0
   19.5000  204.700  1120.00  60.0000  49.5511  4.59546 0
   19.4900  204.650  1190.00  70.0000  44.2618  0.799307 0
   19.2900  204.690  1250.00  70.0000  44.5713  1.20192 0
   19.2000  204.500  1336.00  60.0000  61.4662  8.82385 0
   19.5900  204.870  1380.00  60.0000  77.9063  8.07304 0
   19.5900  204.870  1380.00  60.0000  78.6148  8.01316 0
   19.4300  204.740  1450.00  200.000  57.9928  2.89964 0
   19.5000  204.690  1510.00  90.0000  47.5530  0.599407 0
   19.7100  204.450  1560.00  100.000  59.8351  7.49309 0
   19.5000  204.800  1630.00  320.000  60.6401  5.39467 0
   19.5000  204.800  1630.00  320.000  29.9704  9.99013 0
   19.5000  204.800  1630.00  320.000  30.9694  2.89714 0
   19.5300  204.530  1660.00  70.0000  66.9091  7.41992 0
   19.5000  204.910  1690.00  70.0000  53.6470  5.29477 0
   19.6000  205.000  1690.00  70.0000  58.6694  2.09534 0
   19.3800  205.030  1750.00  10.0000  38.8191  9.70478 0
   19.6000  205.100  1840.00  10.0000  34.9223  1.99556 0
   19.6000  204.500  1907.00  5.00000  30.9312  2.99334 0
   19.3900  204.390  1926.00  5.00000  36.7136  9.17839 0
   19.3900  204.390  1926.00  5.00000  28.3105  6.00222 0
   19.3900  204.390  1926.00  5.00000  32.3119  2.10077 0
   19.6000  204.500  1926.00  5.00000  33.9245  3.89134 0
   19.6000  204.500  1950.00  1.00000  44.7005  8.78046 0
   19.6000  204.500  1955.00  5.00000  41.9067  4.68956 0
   19.4700  205.100  1955.00  1.00000  33.7792  3.69772 0
   19.6000  204.500  1955.00  1.00000  42.3059  6.88468 0
   19.4300  205.060  1955.00  1.00000  37.3954  9.34885 0
   19.4300  205.060  1955.00  1.00000  33.4959  1.89977 0
   19.4300  205.060  1955.00  1.00000  33.0459  1.59980 0
   19.5100  205.160  1960.00  1.00000  34.4617  8.61543 0
   19.5000  205.200  1960.00  1.00000  31.7686  3.39665 0
   19.5000  205.200  1960.00  1.00000  37.9625  5.99408 0
   19.5100  205.160  1960.00  1.00000  40.9545  4.49500 0
   19.5070  205.160  1960.00  1.00000  48.9474  9.58970 0
   19.5070  205.160  1960.00  1.00000  39.3577  7.89152 0
   19.5000  205.200  1960.00  10.0000  40.2602  8.09201 0
   19.6000  204.500  1960.00  1.00000  32.5276  3.69178 0
   19.3000  204.830  1970.00  5.00000  38.2565  2.80414 0
   19.3000  204.830  1970.00  5.00000  43.2639  8.41242 0
   19.6000  204.500  1972.00  1.00000  35.8203  8.98002 0
   19.6000  204.500  1977.00  1.00000  37.7161  1.89578 0
   19.6000  204.500  1982.00  2.00000  38.1152  2.09534 0
   19.4700  205.100  2000.00  1.00000  41.2745  0.499691 0
   19.3400  205.000  2009.00  1.00000  39.7391  4.20414 0
   19.3600  205.030  1990.00  1.00000  33.6248  3.30244 0
   19.5100  205.180  1960.00  1.00000  36.9589  1.69811 0
   19.4200  205.060  1955.00  1.00000  37.2000  3.80000 0
   19.2700  204.120  1950.00  1.00000  36.9682  0.901667 0
   19.6300  204.500  1935.00  1.00000  34.5104  1.59585 0
   19.1900  204.130  1926.00  1.00000  36.1020  0.401136 0
   19.2300  204.120  1919.00  1.00000  35.4829  0.400938 0
   19.0600  204.320  1868.00  1.00000  39.3738  2.71197 0
   19.5800  204.550  1855.00  1.00000  36.8272  1.09783 0
   19.6300  204.490  1843.00  1.00000  41.6917  1.69560 0
   19.4500  205.140  1790.00  1.00000  45.1833  4.19845 0
   19.3500  204.610  1530.00  130.000  39.2338  4.80414 0
   19.4600  205.070  1424.00  32.0000  43.6784  1.59921 0
   19.5000  204.870  1380.00  152.000  41.8587  1.69832 0
   19.2300  204.540  1323.00  58.0000  49.1147  1.70398 0
   19.1400  204.450  1135.00  85.0000  53.0825  2.91000 0
   19.1900  204.550  1090.00  68.0000  63.6799  1.80511 0
   19.6400  204.950  588.000  41.0000  44.0800  2.49322 0
   19.6900  204.530  463.000  112.000  40.5644  8.67101 0
   19.5400  204.190  425.000  203.000  37.2448  0.698965 0
   19.0600  204.320  1868.00  1.00000  38.2689  4.31906 0
   19.6600  204.880  747.000  61.0000  41.7759  1.19645 0
   19.5100  205.180  1960.00  1.00000  31.2653  5.39401 0
   19.4000  205.080  1955.00  1.00000  35.9089  5.90146 0
   19.5100  205.160  1960.00  1.00000  38.1576  9.98890 0
   19.2300  204.540  1323.00  58.0000  44.7044  3.20749 0
   19.1400  204.450  1135.00  85.0000  46.9614  7.02414 0
   19.3500  204.610  1530.00  130.000  39.2338  2.40207 0
