Lubeck,  Lat  Long  Age   dt    Int-Paris  sd    rep
0 84   1330.5   47.5   51.4  0.7     1
0 83   1391.5   108.5   53.5  1.0    1
0 82   1400.5   99.0   54.8  1.9     1
0 81   1425      124.0   56.1  1.4   1
0 80   1425      124.0  57.8  2.9    1
0 79   1488.5   60.5   57.1   2.0    1
0 78   1528       80.0    55.7  1.7  1
0 77   1528       80.0   55.9  3.9   1
0 76   1528.5   79.5   51.1  1.9     1
0 75   1551.5   102.5  52.6  2.2     1
0 74   1578        76.0   51.8  1.0  1
0 73   1613        96.0   56.2  3.0  1
0 72   1665        85.0   53.4  1.8  1
0 71   1665        85.0   57.1  2.9  1
0 70   1665        85.0   56.3  1.9  1
0 69   1665        85.0   47.6  1.6  1
0 68   1665        85.0   49.9  1.0  1
0 67   1665        85.0   48.5  2.7  1
0 66   1665        85.0   45.3  2.2  1
0 65   1665        85.0   48.4  1.9  1
0 64   1665        85.0   44.6  1.3  1
0 63   1665        85.0   42.2   3.3 1
