4.9500e+01 5.0000e+00 3.3800e+02 0.0000e+00 6.0500e+01 5.0000e+00 0
4.9500e+01 5.0000e+00 4.1300e+02 0.0000e+00 6.3500e+01 5.0000e+00 0
4.9500e+01 5.0000e+00 4.6000e+02 0.0000e+00 6.2400e+01 5.0000e+00 0
4.8820e+01 2.3000e+00 5.5000e+02 0.0000e+00 7.3600e+01 5.0000e+00 0
4.7900e+01 1.9000e+00 5.7500e+02 0.0000e+00 7.7900e+01 5.0000e+00 0
4.7900e+01 1.9000e+00 5.7500e+02 0.0000e+00 7.7700e+01 5.0000e+00 0
4.7900e+01 1.9000e+00 5.7500e+02 0.0000e+00 7.9500e+01 5.0000e+00 0
4.7900e+01 1.9000e+00 6.0000e+02 0.0000e+00 7.9300e+01 5.0000e+00 0
4.7900e+01 1.9000e+00 6.5000e+02 0.0000e+00 7.8200e+01 5.0000e+00 0
4.7900e+01 1.9000e+00 6.5000e+02 0.0000e+00 7.6800e+01 5.0000e+00 0
4.7920e+01 1.8300e+00 6.5000e+02 0.0000e+00 7.8400e+01 5.0000e+00 0
4.7900e+01 1.9000e+00 6.7500e+02 0.0000e+00 7.8800e+01 5.0000e+00 0
4.8820e+01 2.3000e+00 7.0000e+02 0.0000e+00 7.4900e+01 5.0000e+00 0
4.7900e+01 1.9000e+00 7.0000e+02 0.0000e+00 7.2700e+01 5.0000e+00 0
4.7900e+01 1.9000e+00 7.7500e+02 0.0000e+00 7.5900e+01 5.0000e+00 0
4.7900e+01 1.9000e+00 7.7500e+02 0.0000e+00 7.8800e+01 5.0000e+00 0
4.7900e+01 1.9000e+00 8.0000e+02 0.0000e+00 7.7700e+01 5.0000e+00 0
4.7900e+01 1.9000e+00 8.2500e+02 0.0000e+00 7.9100e+01 5.0000e+00 0
4.8820e+01 2.3000e+00 8.2500e+02 0.0000e+00 7.9800e+01 5.0000e+00 0
4.7900e+01 1.9000e+00 8.2500e+02 0.0000e+00 8.0900e+01 5.0000e+00 0
4.7900e+01 1.9000e+00 8.2500e+02 0.0000e+00 7.9800e+01 5.0000e+00 0
4.7900e+01 1.9000e+00 8.2500e+02 0.0000e+00 7.9400e+01 5.0000e+00 0
4.8900e+01 2.3000e+00 8.9650e+02 0.0000e+00 7.4400e+01 5.0000e+00 0
4.7900e+01 1.9000e+00 9.0000e+02 0.0000e+00 7.7100e+01 5.0000e+00 0
4.9100e+01 2.5000e+00 9.6000e+02 0.0000e+00 6.1700e+01 5.0000e+00 0
4.6980e+01 3.1700e+00 1.0000e+03 0.0000e+00 5.8400e+01 5.0000e+00 0
4.7900e+01 1.9000e+00 1.0750e+03 0.0000e+00 6.0900e+01 5.0000e+00 0
4.8700e+01 2.0500e+00 1.1250e+03 0.0000e+00 6.2900e+01 5.0000e+00 0
4.7900e+01 1.9000e+00 1.1375e+03 0.0000e+00 6.6300e+01 5.0000e+00 0
4.8070e+01 5.6700e+00 1.1750e+03 0.0000e+00 5.6900e+01 5.0000e+00 0
4.9100e+01 2.5000e+00 1.2250e+03 0.0000e+00 5.3700e+01 5.0000e+00 0
4.3300e+01 5.4000e+00 1.2375e+03 0.0000e+00 5.3400e+01 5.0000e+00 0
4.9100e+01 2.5000e+00 1.2750e+03 0.0000e+00 5.4600e+01 5.0000e+00 0
4.8900e+01 2.4000e+00 1.3250e+03 0.0000e+00 5.7800e+01 5.0000e+00 0
4.9100e+01 2.5000e+00 1.3250e+03 0.0000e+00 5.1900e+01 5.0000e+00 0
4.6000e+01 5.4000e+00 1.3265e+03 0.0000e+00 5.6300e+01 5.0000e+00 0
4.8900e+01 2.3000e+00 1.3375e+03 0.0000e+00 5.5100e+01 5.0000e+00 0
4.7500e+01 -2.8000e+00 1.3400e+03 0.0000e+00 5.8700e+01 5.0000e+00 0
5.0900e+01 4.0000e+00 1.3600e+03 0.0000e+00 5.9300e+01 5.0000e+00 0
4.9100e+01 2.5000e+00 1.3750e+03 0.0000e+00 5.7000e+01 5.0000e+00 0
4.9100e+01 2.5000e+00 1.4250e+03 0.0000e+00 5.4200e+01 5.0000e+00 0
4.7930e+01 2.1400e+00 1.4500e+03 0.0000e+00 5.4500e+01 5.0000e+00 0
4.7000e+01 4.8000e+00 1.4500e+03 0.0000e+00 5.2000e+01 5.0000e+00 0
5.0900e+01 4.0000e+00 1.4865e+03 0.0000e+00 4.9500e+01 5.0000e+00 0
4.7200e+01 5.2000e+00 1.4950e+03 0.0000e+00 5.1600e+01 5.0000e+00 0
4.7900e+01 1.9000e+00 1.5175e+03 0.0000e+00 5.0900e+01 5.0000e+00 0
4.5800e+01 4.9000e+00 1.5250e+03 0.0000e+00 5.0100e+01 5.0000e+00 0
4.9100e+01 2.5000e+00 1.5250e+03 0.0000e+00 5.2600e+01 5.0000e+00 0
4.8900e+01 2.3000e+00 1.5350e+03 0.0000e+00 5.3400e+01 5.0000e+00 0
4.9400e+01 1.1000e+00 1.5420e+03 0.0000e+00 5.2300e+01 5.0000e+00 0
4.9400e+01 1.1000e+00 1.5500e+03 0.0000e+00 5.3000e+01 5.0000e+00 0
4.7900e+01 5.3000e+00 1.5510e+03 0.0000e+00 5.3200e+01 5.0000e+00 0
4.9100e+01 2.5000e+00 1.5600e+03 0.0000e+00 5.2400e+01 5.0000e+00 0
4.8900e+01 2.3000e+00 1.5610e+03 0.0000e+00 5.2400e+01 5.0000e+00 0
4.3700e+01 5.6000e+00 1.5770e+03 0.0000e+00 5.6500e+01 5.0000e+00 0
4.7400e+01 6.5000e+00 1.6175e+03 0.0000e+00 5.2900e+01 5.0000e+00 0
4.7900e+01 1.9000e+00 1.6300e+03 0.0000e+00 5.4600e+01 5.0000e+00 0
4.3600e+01 3.9000e+00 1.6465e+03 0.0000e+00 5.4300e+01 5.0000e+00 0
4.3600e+01 3.9000e+00 1.6465e+03 0.0000e+00 5.3000e+01 5.0000e+00 0
4.3600e+01 3.9000e+00 1.6465e+03 0.0000e+00 5.4700e+01 5.0000e+00 0
4.7000e+01 3.2000e+00 1.6700e+03 0.0000e+00 4.6400e+01 5.0000e+00 0
4.3600e+01 3.9000e+00 1.6760e+03 0.0000e+00 5.1400e+01 5.0000e+00 0
4.5800e+01 4.9000e+00 1.7325e+03 0.0000e+00 4.5600e+01 5.0000e+00 0
4.7000e+01 3.2000e+00 1.7700e+03 0.0000e+00 4.4000e+01 5.0000e+00 0
4.7800e+01 4.2000e+00 1.7750e+03 0.0000e+00 4.3400e+01 5.0000e+00 0
4.7900e+01 1.9000e+00 1.7975e+03 0.0000e+00 4.4800e+01 5.0000e+00 0
4.9100e+01 4.9000e+00 1.8000e+03 0.0000e+00 4.4000e+01 5.0000e+00 0
4.7800e+01 4.2000e+00 1.8020e+03 0.0000e+00 4.4600e+01 5.0000e+00 0
4.7700e+01 3.3000e+00 1.8325e+03 0.0000e+00 4.4700e+01 5.0000e+00 0
4.7000e+01 3.2000e+00 1.8330e+03 0.0000e+00 4.4600e+01 5.0000e+00 0
4.7000e+01 3.2000e+00 1.8500e+03 0.0000e+00 4.6000e+01 5.0000e+00 0
5.3380e+01 -1.5000e+00 1.9000e+03 0.0000e+00 4.8355e+01 5.0000e+00 0
5.3500e+01 -2.8000e+00 1.6450e+03 0.0000e+00 4.0300e+01 5.0000e+00 0
4.3360e+01 1.2600e+00 1.4350e+03 0.0000e+00 5.8600e+01 5.0000e+00 0
4.3360e+01 1.2600e+00 1.4450e+03 0.0000e+00 5.7400e+01 5.0000e+00 0
4.7400e+01 -1.5000e-01 1.7000e+03 0.0000e+00 5.2100e+01 5.0000e+00 0
4.8390e+01 -2.0100e+00 4.2500e+02 0.0000e+00 6.7300e+01 5.0000e+00 0
4.8040e+01 -4.6000e-01 1.3700e+03 0.0000e+00 6.2000e+01 5.0000e+00 0
5.1300e+01 -9.0000e-01 1.7090e+03 0.0000e+00 4.8450e+01 5.0000e+00 0
5.0660e+01 4.6700e+00 1.0750e+03 0.0000e+00 6.4885e+01 8.0000e+00 0
4.7500e+01 7.6000e+00 7.7500e+02 0.0000e+00 8.8000e+01 5.0000e+00 0
4.7350e+01 7.3500e+00 1.8000e+03 0.0000e+00 5.1775e+01 6.7000e+00 0
4.4650e+01 7.4800e+00 1.6000e+03 0.0000e+00 4.8000e+01 5.0000e+00 0
4.3630e+01 3.4300e+00 4.3750e+02 0.0000e+00 6.9200e+01 5.0000e+00 0
4.7520e+01 2.1000e+00 6.2250e+02 0.0000e+00 9.0500e+01 8.7000e+00 0
4.6740e+01 9.1000e-01 7.5000e+02 0.0000e+00 6.7100e+01 5.0000e+00 0
4.7950e+01 1.8800e+00 7.0000e+02 0.0000e+00 8.0600e+01 8.3000e+00 0
4.7470e+01 -5.5000e-01 8.6000e+02 0.0000e+00 8.2400e+01 1.0800e+01 0
4.8630e+01 -1.5000e+00 9.4500e+02 0.0000e+00 7.0100e+01 7.0000e+00 0
4.8680e+01 -1.3500e+00 1.1800e+03 0.0000e+00 6.6500e+01 5.4000e+00 0
4.5190e+01 8.1900e+00 1.8550e+03 0.0000e+00 4.7600e+01 5.0000e+00 0
4.7380e+01 8.5400e+00 1.0200e+03 0.0000e+00 6.3100e+01 5.0000e+00 0
4.7380e+01 8.5400e+00 1.0605e+03 0.0000e+00 5.1400e+01 5.1000e+00 0
4.3160e+01 3.0000e+00 0.0000e+00 0.0000e+00 6.6800e+01 5.0000e+00 0
4.3160e+01 3.0000e+00 7.0000e+01 0.0000e+00 6.9800e+01 5.0000e+00 0
4.3160e+01 3.0000e+00 1.3000e+02 0.0000e+00 6.4800e+01 5.0000e+00 0
4.3160e+01 3.0000e+00 1.5000e+02 0.0000e+00 6.7600e+01 5.0000e+00 0
4.3160e+01 3.0000e+00 2.1000e+02 0.0000e+00 6.7500e+01 5.0000e+00 0
4.3160e+01 3.0000e+00 2.1500e+02 0.0000e+00 6.9100e+01 5.1000e+00 0
4.3160e+01 3.0000e+00 3.1000e+02 0.0000e+00 6.8400e+01 5.0000e+00 0
4.3160e+01 3.0000e+00 3.1000e+02 0.0000e+00 6.8500e+01 5.0000e+00 0
4.3360e+01 1.2600e+00 -1.5000e+01 0.0000e+00 6.4900e+01 5.0000e+00 0
4.3360e+01 1.2600e+00 2.0000e+01 0.0000e+00 6.3400e+01 5.0000e+00 0
4.8260e+01 5.0000e-02 7.5000e+01 0.0000e+00 6.7400e+01 6.2000e+00 0
4.7490e+01 6.2300e+00 1.8500e+02 0.0000e+00 7.0800e+01 5.0000e+00 0
4.8420e+01 -2.1900e+00 2.4000e+02 0.0000e+00 6.8500e+01 5.0000e+00 0
4.8390e+01 -2.0100e+00 4.2500e+02 0.0000e+00 6.7100e+01 5.0000e+00 0
4.7580e+01 -1.4800e+00 3.3000e+02 0.0000e+00 6.3900e+01 5.0000e+00 0
4.3730e+01 3.8000e-01 2.5000e+02 0.0000e+00 7.1700e+01 6.3000e+00 0
4.3730e+01 3.8000e-01 1.2500e+02 0.0000e+00 6.1100e+01 8.4000e+00 0
4.3730e+01 3.8000e-01 2.5000e+02 0.0000e+00 7.1700e+01 7.4000e+00 0
4.3730e+01 3.8000e-01 1.2500e+02 0.0000e+00 5.9000e+01 7.4000e+00 0
4.8780e+01 6.5700e+00 -6.7200e+02 0.0000e+00 8.6700e+01 6.9000e+00 0
4.2699e+01 2.8960e+00 -6.1250e+02 0.0000e+00 7.8800e+01 5.0000e+00 0
4.7911e+01 4.5330e+00 -5.7100e+02 0.0000e+00 6.6700e+01 5.6000e+00 0
4.7780e+01 4.8100e+00 -4.5000e+02 0.0000e+00 7.8100e+01 1.0600e+01 0
4.3330e+01 3.2500e+00 -4.3750e+02 0.0000e+00 7.4200e+01 5.0000e+00 0
4.3500e+01 5.6200e+00 -4.3500e+02 0.0000e+00 7.9200e+01 9.1000e+00 0
4.3691e+01 4.1350e+00 -2.9350e+02 0.0000e+00 7.0600e+01 5.0000e+00 0
5.0375e+01 1.9200e+00 -2.9000e+02 0.0000e+00 6.1700e+01 5.5000e+00 0
4.3565e+01 3.9070e+00 -2.7500e+02 0.0000e+00 7.7300e+01 5.0000e+00 0
5.0450e+01 1.7000e+00 -2.2500e+02 0.0000e+00 5.4300e+01 5.4000e+00 0
5.0375e+01 1.9200e+00 -2.2500e+02 0.0000e+00 6.0800e+01 5.0000e+00 0
4.4831e+01 -3.9000e-02 -1.9000e+02 0.0000e+00 5.2500e+01 5.0000e+00 0
4.4831e+01 -3.9000e-02 -1.9000e+02 0.0000e+00 6.9000e+01 5.0000e+00 0
4.3267e+01 3.5000e+00 -1.1500e+02 0.0000e+00 6.6500e+01 5.0000e+00 0
4.4418e+01 7.3300e-01 -1.0000e+02 0.0000e+00 6.2900e+01 8.1000e+00 0
4.4418e+01 7.3300e-01 -1.0000e+02 0.0000e+00 6.4900e+01 9.4000e+00 0
4.2980e+01 2.1700e+00 -1.0000e+02 0.0000e+00 4.2100e+01 5.0000e+00 0
4.8620e+01 7.5000e+00 -4.5000e+01 0.0000e+00 6.3400e+01 5.0000e+00 0
4.4934e+01 4.8950e+00 -4.0000e+01 0.0000e+00 6.4600e+01 5.0000e+00 0
4.6810e+01 6.8000e+00 -7.2500e+02 0.0000e+00 4.5700e+01 5.0000e+00 0
4.6810e+01 6.8000e+00 -7.2500e+02 0.0000e+00 7.7200e+01 5.0000e+00 0
4.6830e+01 6.8800e+00 -7.7500e+02 0.0000e+00 4.7800e+01 5.0000e+00 0
4.5665e+01 3.1890e+00 -9.2500e+02 0.0000e+00 6.3600e+01 5.7000e+00 0
4.5665e+01 3.1890e+00 -9.2500e+02 0.0000e+00 6.8700e+01 5.0000e+00 0
4.5665e+01 3.1890e+00 -8.5000e+02 0.0000e+00 5.9800e+01 5.0000e+00 0
4.5665e+01 3.1890e+00 -8.5000e+02 0.0000e+00 7.1500e+01 5.6000e+00 0
4.5665e+01 3.1890e+00 -8.7500e+02 0.0000e+00 6.1700e+01 5.5000e+00 0
4.6600e+01 6.5000e+00 -1.0250e+03 0.0000e+00 4.8900e+01 5.0000e+00 0
4.7600e+01 7.6000e+00 -1.2500e+02 0.0000e+00 7.2200e+01 5.0000e+00 0
4.8100e+01 1.1700e+01 -7.1000e+02 0.0000e+00 7.2600e+01 7.3000e+00 0
4.8100e+01 1.1700e+01 -7.5000e+02 0.0000e+00 5.9700e+01 5.0000e+00 0
4.8800e+01 1.1500e+01 -6.0000e+02 0.0000e+00 9.4000e+01 6.2000e+00 0
4.8800e+01 1.1500e+01 -7.1000e+02 0.0000e+00 4.8100e+01 5.0000e+00 0
4.8800e+01 1.1500e+01 -7.1000e+02 0.0000e+00 5.3800e+01 6.5000e+00 0
4.8100e+01 1.1400e+01 -9.2500e+02 0.0000e+00 6.6500e+01 6.4000e+00 0
4.8100e+01 1.1400e+01 -8.7500e+02 0.0000e+00 5.7500e+01 5.0000e+00 0
4.8100e+01 1.1400e+01 -8.7500e+02 0.0000e+00 4.9400e+01 5.0000e+00 0
4.8100e+01 1.1600e+01 -4.1000e+02 0.0000e+00 7.3000e+01 8.0000e+00 0
4.8100e+01 1.1600e+01 -4.1000e+02 0.0000e+00 7.9800e+01 6.6000e+00 0
4.8100e+01 1.1600e+01 -3.7000e+02 0.0000e+00 6.0800e+01 5.0000e+00 0
4.8100e+01 1.1600e+01 -4.1000e+02 0.0000e+00 7.5500e+01 5.0000e+00 0
4.8100e+01 1.1600e+01 -4.9000e+02 0.0000e+00 8.7600e+01 5.0000e+00 0
