1841.33 0.1 46.4471 2.39354 
1858.44 0.1 48.4311 1.98907 
1936.72 0.1 51.1756 2.19279 
1948.18 0.1 47.4454 3.20615 
1959.16 0.1 49.2906 3.19622 
1987.41 0.1 48.9315 1.30093 
-2807.63 190 38.914 4.98087 
-2401.49 70 45.6052 8.55036 
-2416.67 70 33.4651 14.1908 
-2358.26 80 39.4818 4.64447 
-1896.16 500 44.7481 7.83284 
-2081.65 50 49.5409 1.69392 
-1695.26 250 50.781 2.71164 
-1742.26 80 48.3998 7.04826 
-1628.07 80 57.3999 7.04826 
-1790.85 80 42.1914 5.16872 
-1495.5 80 50.5001 8.3323 
-1520.66 60 44.3318 10.3152 
-1405.87 30 51.7025 4.40473 
-959.104 200 79.5159 18.9381 
-876.75 70 68.9054 11.5685 
-897.833 60 59.3981 4.46504 
-1058.5 60 53.7448 12.606 
-1009.57 150 50.708 4.39837 
-564.722 150 55.7522 9.68641 
-660.178 150 59.9536 11.3258 
-791.987 80 60.2858 2.29659 
-370.954 60 51.3159 6.9052 
-445.244 60 62.7251 6.67603 
-401.032 60 54.1686 6.91516 
-520.372 90 59.2983 0.620535 
-171.29 70 68.2264 6.99655 
-284.924 70 65.4375 12.3454 
-375.997 60 75.7626 15.8283 
-203.195 70 44.5496 12.7274 
-96.4377 70 49.5537 4.94511 
-102.55 160 42.1951 9.64476 
-256.331 70 57.2972 12.7274 
-423.746 150 57.2398 4.45164 
11.6759 80 67.2957 15.7198 
66.0781 80 49.7148 3.60976 
255.481 70 53.535 3.09579 
531.974 60 36.2904 6.81843 
641.23 60 53.6132 4.91389 
601.364 50 46.7573 3.59378 
610.288 40 48.4595 5.76497 
648.686 40 43.5787 5.9151 
884.78 120 50.8462 3.878 
780.093 40 50.4769 4.49664 
896.373 150 38.7901 13.2251 
901.327 60 58.5931 16.0324 
823.571 60 32.8862 16.0324 
912.696 60 46.8164 4.28461 
981.217 50 66.5737 6.43714 
937.817 60 52.1591 2.711 
873.898 60 53.836 5.34197 
984.887 70 42.4073 2.97 
940.756 120 48.8403 4.15461 
1101.78 120 50.21 4.15461 
1013.1 120 53.1345 11.9933 
1025.36 70 49.5101 0.03 
1062.1 70 37.5909 9.87634 
1128.62 60 54.4715 4.59546 
1264.95 70 50.242 0.799307 
1308.38 70 49.9701 1.20192 
1222.1 60 48.5996 8.82385 
1310.29 60 44.0407 8.07304 
1471.9 60 31.4216 8.01316 
1742.17 200 51.1137 2.89964 
1615.26 90 48.3921 0.599407 
1467.69 100 54.9951 7.49309 
1782.88 320 41.1826 5.39467 
1570.27 320 44.6377 9.99013 
1703.83 320 44.5952 2.89714 
1718.32 70 51.3395 7.41992 
1756.11 70 42.6639 5.29477 
1596.61 70 46.8971 2.09534 
1746.29 10 30.3867 9.70478 
1853.51 10 50.2878 1.99556 
1906.09 5 45.3092 2.99334 
1935.34 5 66.9505 9.17839 
1924.09 5 49.0316 6.00222 
1934.28 5 44.8536 2.10077 
1926.74 5 45.8103 3.89134 
1947.12 1 63.4908 8.78046 
1963.3 5 45.8989 4.68956 
1952.19 1 50.4585 3.69772 
1954.07 1 50.1855 6.88468 
1953.78 1 58.2176 9.34885 
1953.85 1 48.7859 1.89977 
1953.29 1 46.7725 1.5998 
1958.87 1 50.6219 8.61543 
1959.39 1 42.2553 3.39665 
1957.29 1 56.0696 5.99408 
1959.47 1 54.0414 4.495 
1959.68 1 43.1771 9.5897 
1958.08 1 35.7844 7.89152 
1951.41 10 48.7988 8.09201 
1958.11 1 45.5136 3.69178 
1967.58 5 50.9077 2.80414 
1972.3 5 45.2361 8.41242 
1970.65 1 54.955 8.98002 
1975.69 1 46.8111 1.89578 
1981.09 2 47.7083 2.09534 
1999.48 1 47.5518 0.499691 
2010.44 1 45.8119 4.20414 
1986.98 1 49.142 3.30244 
1959.19 1 48.9739 1.69811 
1953.05 1 53.0774 3.8 
1945.5 1 46.4232 0.901667 
1936.09 1 46.811 1.59585 
1926.14 1 47.0967 0.401136 
1920.39 1 47.6038 0.400938 
1869.82 1 45.9972 2.71197 
1853.95 1 48.1964 1.09783 
1841.84 1 49.411 1.6956 
1790.83 1 48.1033 4.19845 
1590.93 130 51.4067 4.80414 
1446.7 32 51.5627 1.59921 
1477.51 152 49.7435 1.69832 
1249.76 58 46.9263 1.70398 
1028.33 85 50.1554 2.91 
1099 68 52.345 1.80511 
627.916 41 49.3018 2.49322 
281.267 112 45.002 8.67101 
284.195 203 52.3086 0.698965 
1870.05 1 40.0584 4.31906 
659.464 61 53.8885 1.19645 
1959.66 1 38.9182 5.39401 
1954.17 1 52.6508 5.90146 
1959.73 1 28.9361 9.9889 
1264.75 58 48.3084 3.20749 
1207.8 85 49.5661 7.02414 
1626.68 130 46.5662 2.40207 
