335.293 13 70.7953 3.4 
406.208 13 68.4673 2.8 
455.384 20 65.0308 2.5 
547.459 25 63.7992 1.8 
575.538 25 64.2488 1.9 
582.039 25 62.724 1.4 
560.953 25 65.4092 1.2 
616.327 25 60.9679 2.5 
654.737 25 63.5623 2.1 
639.174 25 60.7359 1.5 
697.135 50 61.2871 0.9 
684.787 25 63.0795 1.3 
656.841 50 60.947 1.5 
699.708 25 59.6943 3.6 
767.06 25 58.2387 2.1 
762.252 25 64.4417 3.1 
775.47 25 65.7079 3.1 
830.536 25 60.8233 2.6 
843.237 25 64.9663 2.3 
824.863 25 69.4454 3.8 
822.763 25 60.242 1.9 
804.002 25 60.8707 3.3 
894.349 26.5 60.7269 1.5 
911.983 50 62.037 2.3 
968.537 40 64.7758 4.5 
983.083 25 69.3286 3 
1049.2 25 62.6873 3.2 
1100.16 25 65.1436 1.6 
1126.57 37.5 63.7394 3 
1187.84 15 65.6652 1.1 
1223.08 25 59.4732 4.1 
1245.43 12.5 69.9789 3.4 
1251.43 25 66.6992 2.6 
1340.19 25 70.3517 1.5 
1330.92 25 65.1921 3 
1322.59 3.5 65.8142 1.4 
1339.5 12.5 69.5461 2.6 
1338.93 10 69.3756 1.7 
1358.7 0.5 64.4436 3.4 
1389.39 25 61.5024 1.4 
1407.71 25 60.6597 1.1 
1446.53 25 62.4915 0.5 
1446.86 2 64.9494 2.1 
1477.1 11.5 61.4843 2.2 
1493.05 0.5 61.6744 1.6 
1515.57 0.5 60.8315 0.8 
1524.13 15 66.2193 4.4 
1521.8 25 58.5279 3.2 
1533 5 62.7727 1.9 
1544.41 0.5 59.4138 2.1 
1549.11 1 59.1809 3.2 
1549.29 0.5 60.2606 1.2 
1553.29 10 61.1199 0.9 
1557.87 11 61.5809 2.1 
1572.72 7 62.4801 4.1 
1620.71 7.5 60.8609 1.5 
1627.93 0.5 61.5457 1.4 
1665.24 32.5 59.2676 2.2 
1652.71 32.5 61.8951 1.2 
1667.88 32.5 61.0444 2 
1659.13 10 65.6474 2 
1681.33 16 55.2377 3.4 
1734.55 0.5 66.772 1.9 
1764.78 10 65.6504 2.3 
1772.82 5 68.1671 2.1 
1796.61 0.5 69.4891 1.5 
1790.24 15 68.8681 1 
1805.76 5 70.8945 1.3 
1821.11 13.5 70.5888 1.8 
1828.83 15 69.0545 0.1 
1850.1 5 67.3063 2.6 
1897.23 1 68.0443 1 
1648.43 10 64.7514 5 
1410.82 35 63.8812 2.2 
1437.83 25 61.3861 1.8 
1725.04 50 64.3539 4.2 
478.682 75 69.5696 2.2 
1383.38 30 65.5425 3 
1717.02 11 59.8893 2.2 
968.76 125 57.0622 8 
774.635 25 61.3704 1.49 
1863.93 150 69.4153 6.7 
1687.1 100 67.7225 3.4 
477.524 102.5 68.2457 3.2 
605.539 32.5 64.1734 8.7 
621.093 150 64.2881 3.7 
710.994 25 75.295 8.3 
861.634 50 50.2565 10.8 
976.732 45 63.1437 7 
1192.92 80 67.3297 5.4 
1795.95 59 67.263 2.6 
1032.15 21 66.6509 2.9 
1085.93 30.5 69.4657 5.1 
-23.2132 30 72.9355 3.5 
50.7691 20 67.8018 2.8 
112.54 30 57.0574 4.8 
147.33 30 63.1766 4.5 
224.766 20 66.1946 3.8 
226.242 20 67.2729 5.1 
318.898 30 68.8714 3 
307.013 30 64.5482 4 
-16.6659 65 67.2284 4.2 
-3.46402 40 71.947 3.2 
96.0333 25 61.0093 6.2 
160.013 35 59.3556 3.4 
255.046 30 59.2384 4.1 
399.04 75 64.9975 2.2 
315.363 30 74.0008 3.1 
233.592 50 71.9087 6.3 
112.553 25 68.4621 8.4 
236.603 50 66.9328 7.4 
114.655 25 64.3295 7.4 
-578.334 129 57.9856 6.9 
-612.906 27.5 58.6557 2.9 
-636.795 178 59.8141 5.6 
-422.414 50 81.7276 10.6 
-359.601 87.5 73.7349 3 
-440.221 35 71.3924 9.1 
-218.3 92.5 74.0285 3.4 
-233.823 100 78.2213 5.5 
-295.114 25 73.9708 2.9 
-208.674 25 77.5555 5.4 
-312.818 135 75.1491 4.4 
-198.631 20 77.6131 4.6 
-177.82 20 71.9874 4.6 
-129.021 25 73.2685 4.2 
-108.226 25 67.7366 8.1 
-93.2671 25 71.5092 9.4 
-71.2182 50 71.9931 4.8 
-39.9511 15 80.6967 3.6 
-28.6119 10 75.789 4.8 
-753.53 75 62.3186 3.5 
-666.294 75 62.0475 4 
-790.394 75 66.3931 2.1 
-883.422 50 75.348 5.7 
-914.96 25 68.1193 4 
-840.964 50 63.2771 4.2 
-872.369 50 71.6191 5.6 
-834.662 75 63.9208 5.5 
-1002.38 105 74.7408 3.5 
-127.359 75 73.0875 4.7 
-657.269 90 58.9766 7.3 
-757.785 30 62.4415 2.6 
-543.391 60 63.409 6.2 
-772.698 90 64.2237 1.7 
-778.578 90 65.911 6.5 
-899.267 125 74.6073 6.4 
-911.441 75 64.2353 3.8 
-801.784 75 67.4221 3.8 
-426.123 50 87.7745 8 
-380.596 50 64.8514 6.6 
-368.232 50 72.6891 0.8 
-416.526 50 74.2197 4.9 
-445.485 50 61.827 2.5 
