-3607.15 53.195 
-3601.54 53.3853 
-3595.93 53.6176 
-3590.32 53.9267 
-3584.71 54.2751 
-3579.1 54.6555 
-3573.48 55.05 
-3567.87 55.4353 
-3562.26 55.7235 
-3556.65 55.9088 
-3551.04 56.109 
-3545.43 56.3639 
-3539.82 56.6223 
-3534.21 56.8099 
-3528.59 56.9988 
-3522.98 57.1412 
-3517.37 57.3416 
-3511.76 57.5079 
-3506.15 57.6893 
-3500.54 57.8309 
-3494.93 57.8932 
-3489.31 57.8534 
-3483.7 57.7619 
-3478.09 57.7434 
-3472.48 57.6892 
-3466.87 57.5211 
-3461.26 57.4307 
-3455.65 57.3486 
-3450.04 57.3143 
-3444.42 57.1986 
-3438.81 57.1487 
-3433.2 57.1703 
-3427.59 57.1691 
-3421.98 57.1145 
-3416.37 56.9571 
-3410.76 56.8225 
-3405.15 56.6457 
-3399.53 56.5477 
-3393.92 56.5136 
-3388.31 56.5108 
-3382.7 56.5222 
-3377.09 56.4839 
-3371.48 56.4083 
-3365.87 56.3548 
-3360.25 56.3825 
-3354.64 56.4593 
-3349.03 56.5438 
-3343.42 56.7027 
-3337.81 56.841 
-3332.2 57.0527 
-3326.59 57.2144 
-3320.98 57.3315 
-3315.36 57.2817 
-3309.75 57.0983 
-3304.14 56.9705 
-3298.53 56.7399 
-3292.92 56.4316 
-3287.31 56.1521 
-3281.7 55.8686 
-3276.09 55.564 
-3270.47 55.2856 
-3264.86 55.0095 
-3259.25 54.7602 
-3253.64 54.5743 
-3248.03 54.5489 
-3242.42 54.5617 
-3236.81 54.4763 
-3231.19 54.4073 
-3225.58 54.3354 
-3219.97 54.2653 
-3214.36 54.2062 
-3208.75 54.0457 
-3203.14 53.913 
-3197.53 53.8185 
-3191.92 53.7843 
-3186.3 53.8345 
-3180.69 53.8264 
-3175.08 53.9433 
-3169.47 54.1496 
-3163.86 54.2647 
-3158.25 54.406 
-3152.64 54.5199 
-3147.03 54.6241 
-3141.41 54.7443 
-3135.8 54.7931 
-3130.19 54.7252 
-3124.58 54.6891 
-3118.97 54.6254 
-3113.36 54.5344 
-3107.75 54.4456 
-3102.14 54.4144 
-3096.52 54.5587 
-3090.91 54.8599 
-3085.3 55.2603 
-3079.69 55.6909 
-3074.08 56.0441 
-3068.47 56.3266 
-3062.86 56.5489 
-3057.24 56.7392 
-3051.63 57.0271 
-3046.02 57.3352 
-3040.41 57.6892 
-3034.8 58.15 
-3029.19 58.6469 
-3023.58 59.1714 
-3017.97 59.742 
-3012.35 60.2875 
-3006.74 60.7532 
-3001.13 61.1902 
-2995.52 61.6016 
-2989.91 61.8902 
-2984.3 62.1876 
-2978.69 62.4312 
-2973.08 62.6194 
-2967.46 62.7758 
-2961.85 62.9274 
-2956.24 63.0318 
-2950.63 63.1083 
-2945.02 63.2331 
-2939.41 63.4096 
-2933.8 63.6042 
-2928.18 63.7774 
-2922.57 63.9043 
-2916.96 64.0757 
-2911.35 64.0543 
-2905.74 64.0081 
-2900.13 64.0043 
-2894.52 63.9641 
-2888.91 63.8895 
-2883.29 63.8415 
-2877.68 63.8637 
-2872.07 63.8897 
-2866.46 64.0457 
-2860.85 64.0915 
-2855.24 64.1905 
-2849.63 64.1866 
-2844.02 64.1362 
-2838.4 63.9956 
-2832.79 63.8002 
-2827.18 63.5855 
-2821.57 63.2809 
-2815.96 62.9643 
-2810.35 62.6379 
-2804.74 62.3323 
-2799.12 62.0313 
-2793.51 61.7391 
-2787.9 61.469 
-2782.29 61.2273 
-2776.68 60.993 
-2771.07 60.7606 
-2765.46 60.5099 
-2759.85 60.2736 
-2754.23 60.0778 
-2748.62 59.9171 
-2743.01 59.7637 
-2737.4 59.6012 
-2731.79 59.4863 
-2726.18 59.3907 
-2720.57 59.3504 
-2714.96 59.339 
-2709.34 59.3198 
-2703.73 59.2485 
-2698.12 59.1507 
-2692.51 59.0707 
-2686.9 58.9848 
-2681.29 58.9102 
-2675.68 58.8655 
-2670.06 58.8257 
-2664.45 58.77 
-2658.84 58.7562 
-2653.23 58.7819 
-2647.62 58.7517 
-2642.01 58.6932 
-2636.4 58.7757 
-2630.79 58.9541 
-2625.17 59.1798 
-2619.56 59.4533 
-2613.95 59.6854 
-2608.34 59.876 
-2602.73 59.9844 
-2597.12 59.9708 
-2591.51 59.9041 
-2585.9 59.8295 
-2580.28 59.7676 
-2574.67 59.7185 
-2569.06 59.6829 
-2563.45 59.6467 
-2557.84 59.5766 
-2552.23 59.4211 
-2546.62 59.2752 
-2541.01 59.176 
-2535.39 59.0376 
-2529.78 58.8323 
-2524.17 58.6289 
-2518.56 58.4467 
-2512.95 58.3023 
-2507.34 58.1589 
-2501.73 58.0458 
-2496.11 57.9648 
-2490.5 57.893 
-2484.89 57.8567 
-2479.28 57.829 
-2473.67 57.8393 
-2468.06 57.8534 
-2462.45 57.8901 
-2456.84 57.9045 
-2451.22 57.8758 
-2445.61 57.8097 
-2440 57.748 
-2434.39 57.8077 
-2428.78 57.8929 
-2423.17 57.8963 
-2417.56 57.8409 
-2411.95 57.7872 
-2406.33 57.744 
-2400.72 57.6916 
-2395.11 57.5978 
-2389.5 57.4298 
-2383.89 57.2168 
-2378.28 57.1047 
-2372.67 57.0021 
-2367.05 57.0025 
-2361.44 57.0057 
-2355.83 57.05 
-2350.22 57.1388 
-2344.61 57.2606 
-2339 57.4436 
-2333.39 57.6516 
-2327.78 57.8934 
-2322.16 58.1462 
-2316.55 58.431 
-2310.94 58.7269 
-2305.33 59.0496 
-2299.72 59.3928 
-2294.11 59.696 
-2288.5 59.9838 
-2282.89 60.2844 
-2277.27 60.5869 
-2271.66 60.8381 
-2266.05 61.0812 
-2260.44 61.3154 
-2254.83 61.526 
-2249.22 61.7471 
-2243.61 62.0182 
-2237.99 62.3706 
-2232.38 62.7918 
-2226.77 63.2198 
-2221.16 63.6315 
-2215.55 64.0374 
-2209.94 64.4472 
-2204.33 64.8533 
-2198.72 65.2696 
-2193.1 65.7302 
-2187.49 66.1704 
-2181.88 66.6345 
-2176.27 67.1665 
-2170.66 67.658 
-2165.05 68.097 
-2159.44 68.4073 
-2153.83 68.6172 
-2148.21 68.8121 
-2142.6 69.0254 
-2136.99 69.2875 
-2131.38 69.6034 
-2125.77 69.9691 
-2120.16 70.3846 
-2114.55 70.7852 
-2108.93 71.1222 
-2103.32 71.4056 
-2097.71 71.6287 
-2092.1 71.7723 
-2086.49 71.8716 
-2080.88 71.9439 
-2075.27 71.9409 
-2069.66 71.9668 
-2064.04 72.0084 
-2058.43 72.0766 
-2052.82 72.1916 
-2047.21 72.2956 
-2041.6 72.3194 
-2035.99 72.3732 
-2030.38 72.453 
-2024.77 72.5929 
-2019.15 72.7387 
-2013.54 72.9137 
-2007.93 73.1248 
-2002.32 73.3485 
-1996.71 73.5691 
-1991.1 73.7644 
-1985.49 73.8913 
-1979.88 73.967 
-1974.26 73.9947 
-1968.65 74.0184 
-1963.04 74.0336 
-1957.43 74.0322 
-1951.82 74.0204 
-1946.21 73.9403 
-1940.6 73.8254 
-1934.98 73.7951 
-1929.37 73.713 
-1923.76 73.5962 
-1918.15 73.4512 
-1912.54 73.3798 
-1906.93 73.2956 
-1901.32 73.1927 
-1895.71 73.1114 
-1890.09 72.9914 
-1884.48 72.8046 
-1878.87 72.6286 
-1873.26 72.5362 
-1867.65 72.4274 
-1862.04 72.2284 
-1856.43 71.913 
-1850.82 71.5025 
-1845.2 71.2723 
-1839.59 71.0697 
-1833.98 70.8921 
-1828.37 70.7639 
-1822.76 70.6819 
-1817.15 70.6545 
-1811.54 70.6796 
-1805.92 70.7622 
-1800.31 70.9616 
-1794.7 71.267 
-1789.09 71.57 
-1783.48 71.8692 
-1777.87 72.1818 
-1772.26 72.4317 
-1766.65 72.6541 
-1761.03 72.8391 
-1755.42 72.9965 
-1749.81 73.1378 
-1744.2 73.2102 
-1738.59 73.1353 
-1732.98 73.0371 
-1727.37 72.8361 
-1721.76 72.5794 
-1716.14 72.3071 
-1710.53 71.9909 
-1704.92 71.6401 
-1699.31 71.2935 
-1693.7 71.0065 
-1688.09 70.6735 
-1682.48 70.3632 
-1676.86 70.1073 
-1671.25 69.8269 
-1665.64 69.575 
-1660.03 69.2875 
-1654.42 69.0691 
-1648.81 68.866 
-1643.2 68.663 
-1637.59 68.5184 
-1631.97 68.3712 
-1626.36 68.304 
-1620.75 68.219 
-1615.14 68.1586 
-1609.53 68.0688 
-1603.92 67.9443 
-1598.31 67.8056 
-1592.7 67.6689 
-1587.08 67.591 
-1581.47 67.5569 
-1575.86 67.5746 
-1570.25 67.6903 
-1564.64 67.8311 
-1559.03 67.9555 
-1553.42 68.2107 
-1547.8 68.6004 
-1542.19 68.8519 
-1536.58 69.0533 
-1530.97 69.2412 
-1525.36 69.3563 
-1519.75 69.3893 
-1514.14 69.3601 
-1508.53 69.3472 
-1502.91 69.3041 
-1497.3 69.1945 
-1491.69 69.0993 
-1486.08 69.059 
-1480.47 69.0623 
-1474.86 69.0477 
-1469.25 69.0241 
-1463.64 68.9999 
-1458.02 68.9602 
-1452.41 68.9504 
-1446.8 68.9445 
-1441.19 68.9509 
-1435.58 68.9443 
-1429.97 68.8735 
-1424.36 68.7897 
-1418.75 68.7408 
-1413.13 68.752 
-1407.52 68.8177 
-1401.91 68.839 
-1396.3 68.792 
-1390.69 68.7372 
-1385.08 68.7256 
-1379.47 68.8164 
-1373.85 68.9677 
-1368.24 69.1664 
-1362.63 69.4002 
-1357.02 69.6568 
-1351.41 69.882 
-1345.8 70.0582 
-1340.19 70.2173 
-1334.58 70.4295 
-1328.96 70.6259 
-1323.35 70.8245 
-1317.74 71.0431 
-1312.13 71.1921 
-1306.52 71.262 
-1300.91 71.3427 
-1295.3 71.4225 
-1289.69 71.4872 
-1284.07 71.6165 
-1278.46 71.6925 
-1272.85 71.7797 
-1267.24 71.8109 
-1261.63 71.7779 
-1256.02 71.814 
-1250.41 71.8264 
-1244.79 71.7621 
-1239.18 71.6614 
-1233.57 71.6025 
-1227.96 71.6109 
-1222.35 71.6366 
-1216.74 71.6167 
-1211.13 71.5306 
-1205.52 71.4006 
-1199.9 71.2907 
-1194.29 71.1762 
-1188.68 71.118 
-1183.07 71.0298 
-1177.46 70.9753 
-1171.85 70.9882 
-1166.24 71.0432 
-1160.63 71.1403 
-1155.01 71.2287 
-1149.4 71.3087 
-1143.79 71.4398 
-1138.18 71.5776 
-1132.57 71.7085 
-1126.96 71.8122 
-1121.35 71.8769 
-1115.73 71.9377 
-1110.12 71.9538 
-1104.51 71.8051 
-1098.9 71.6669 
-1093.29 71.5866 
-1087.68 71.541 
-1082.07 71.4911 
-1076.46 71.4496 
-1070.84 71.4133 
-1065.23 71.3949 
-1059.62 71.3867 
-1054.01 71.3957 
-1048.4 71.4133 
-1042.79 71.4107 
-1037.18 71.377 
-1031.57 71.325 
-1025.95 71.2569 
-1020.34 71.2033 
-1014.73 71.1192 
-1009.12 70.9853 
-1003.51 70.8626 
-997.897 70.8187 
-992.286 70.8254 
-986.675 70.8118 
-981.064 70.7613 
-975.452 70.5863 
-969.841 70.5554 
-964.23 70.5818 
-958.618 70.476 
-953.007 70.2449 
-947.396 70.0209 
-941.785 69.9213 
-936.173 69.7732 
-930.562 69.5812 
-924.951 69.3007 
-919.339 69.139 
-913.728 68.9938 
-908.117 68.8756 
-902.505 68.7381 
-896.894 68.6263 
-891.283 68.4779 
-885.672 68.3557 
-880.06 68.2512 
-874.449 68.1439 
-868.838 67.9739 
-863.226 67.6967 
-857.615 67.4599 
-852.004 67.2703 
-846.392 67.1181 
-840.781 66.9028 
-835.17 66.7056 
-829.558 66.5524 
-823.947 66.4123 
-818.336 66.2105 
-812.725 65.9378 
-807.113 65.7253 
-801.502 65.5764 
-795.891 65.4391 
-790.279 65.2867 
-784.668 65.0629 
-779.057 64.8191 
-773.446 64.6017 
-767.834 64.363 
-762.223 64.1153 
-756.612 63.8195 
-751 63.5759 
-745.389 63.3455 
-739.778 63.1412 
-734.166 62.9071 
-728.555 62.6614 
-722.944 62.455 
-717.333 62.3261 
-711.721 62.2344 
-706.11 62.1177 
-700.499 61.9513 
-694.887 61.7126 
-689.276 61.4511 
-683.665 61.1905 
-678.053 60.9219 
-672.442 60.6439 
-666.831 60.3631 
-661.219 60.0916 
-655.608 59.8566 
-649.997 59.7227 
-644.386 59.6986 
-638.774 59.762 
-633.163 59.9081 
-627.552 60.1282 
-621.94 60.3542 
-616.329 60.6458 
-610.718 60.95 
-605.107 61.1373 
-599.495 61.2659 
-593.884 61.3699 
-588.273 61.4657 
-582.661 61.551 
-577.05 61.6648 
-571.439 61.8234 
-565.827 62.0464 
-560.216 62.2566 
-554.605 62.5025 
-548.994 62.7074 
-543.382 62.9475 
-537.771 63.1822 
-532.16 63.4288 
-526.548 63.6583 
-520.937 63.882 
-515.326 64.0734 
-509.714 64.2787 
-504.103 64.4915 
-498.492 64.7682 
-492.88 65.045 
-487.269 65.3292 
-481.658 65.6668 
-476.047 66.0575 
-470.435 66.5552 
-464.824 67.1086 
-459.213 67.6758 
-453.601 68.2266 
-447.99 68.7772 
-442.379 69.2866 
-436.768 69.6926 
-431.156 70.1253 
-425.545 70.4771 
-419.934 70.6677 
-414.322 70.8577 
-408.711 71.0415 
-403.1 71.1598 
-397.488 71.2081 
-391.877 71.2534 
-386.266 71.3923 
-380.655 71.529 
-375.043 71.7919 
-369.432 71.9694 
-363.821 72.1075 
-358.209 72.2981 
-352.598 72.4426 
-346.987 72.6012 
-341.375 72.8533 
-335.764 73.1455 
-330.153 73.3617 
-324.541 73.4472 
-318.93 73.4533 
-313.319 73.3978 
-307.708 73.2886 
-302.096 73.2123 
-296.485 73.2311 
-290.874 73.2587 
-285.262 73.3422 
-279.651 73.436 
-274.04 73.5164 
-268.429 73.6854 
-262.817 73.909 
-257.206 74.1062 
-251.595 74.1996 
-245.983 74.2991 
-240.372 74.2478 
-234.761 74.174 
-229.149 74.0925 
-223.538 74.0297 
-217.927 73.928 
-212.316 73.794 
-206.704 73.6453 
-201.093 73.4957 
-195.482 73.3759 
-189.87 73.3224 
-184.259 73.2868 
-178.648 73.2236 
-173.036 73.1344 
-167.425 73.0834 
-161.814 73.0271 
-156.202 72.9899 
-150.591 72.8777 
-144.98 72.843 
-139.369 72.7661 
-133.757 72.6726 
-128.146 72.6525 
-122.535 72.6772 
-116.923 72.6873 
-111.312 72.7226 
-105.701 72.8139 
-100.09 72.9084 
-94.4782 73.0626 
-88.8669 73.1328 
-83.2556 73.18 
-77.6443 73.2284 
-72.033 73.2943 
-66.4217 73.3455 
-60.8104 73.3654 
-55.1991 73.3369 
-49.5878 73.2256 
-43.9765 73.0752 
-38.3652 72.9168 
-32.7539 72.7595 
-27.1426 72.6075 
-21.5313 72.5211 
-15.92 72.4176 
-10.3087 72.2819 
-4.6974 72.0794 
0.9139 71.8245 
6.5252 71.628 
12.1365 71.4604 
17.7478 71.2647 
23.3591 71.0288 
28.9704 70.7851 
34.5817 70.5204 
40.193 70.2027 
45.8043 69.8199 
51.4156 69.4307 
57.0269 69.0149 
62.6382 68.5643 
68.2495 68.1129 
73.8608 67.5945 
79.4721 67.1017 
85.0834 66.6539 
90.6947 66.2503 
96.306 65.8004 
101.917 65.2739 
107.529 64.883 
113.14 64.5708 
118.751 64.2171 
124.362 63.8407 
129.974 63.5186 
135.585 63.2952 
141.196 63.112 
146.808 62.9503 
152.419 62.8352 
158.03 62.7622 
163.642 62.7613 
169.253 62.8445 
174.864 62.9506 
180.476 63.0585 
186.087 63.1247 
191.698 63.165 
197.309 63.1888 
202.921 63.2164 
208.532 63.2636 
214.143 63.3419 
219.755 63.4519 
225.366 63.6084 
230.977 63.8813 
236.588 64.2495 
242.2 64.7003 
247.811 65.1319 
253.422 65.4991 
259.034 65.9315 
264.645 66.4364 
270.256 66.8989 
275.868 67.355 
281.479 67.7744 
287.09 68.1685 
292.701 68.5011 
298.313 68.8216 
303.924 69.1501 
309.535 69.3882 
315.147 69.5502 
320.758 69.7868 
326.369 70.0774 
331.981 70.3536 
337.592 70.566 
343.203 70.7087 
348.815 70.798 
354.426 70.8264 
360.037 70.8093 
365.648 70.7589 
371.26 70.6122 
376.871 70.4017 
382.482 70.1755 
388.094 69.9577 
393.705 69.7267 
399.316 69.428 
404.927 69.1097 
410.539 68.8196 
416.15 68.5729 
421.761 68.3528 
427.373 68.1053 
432.984 67.9154 
438.595 67.6992 
444.207 67.4375 
449.818 67.1456 
455.429 66.8683 
461.04 66.6089 
466.652 66.3552 
472.263 66.1038 
477.874 65.8155 
483.486 65.5172 
489.097 65.2751 
494.708 65.1373 
500.32 65.0598 
505.931 64.9973 
511.542 64.9097 
517.154 64.7383 
522.765 64.5696 
528.376 64.4065 
533.987 64.2045 
539.599 64.0511 
545.21 63.924 
550.821 63.7978 
556.433 63.7176 
562.044 63.6199 
567.655 63.4381 
573.266 63.2142 
578.878 62.9951 
584.489 62.8228 
590.1 62.7075 
595.712 62.6135 
601.323 62.563 
606.934 62.4913 
612.546 62.4812 
618.157 62.4969 
623.768 62.5197 
629.379 62.5812 
634.991 62.5894 
640.602 62.5795 
646.213 62.4667 
651.825 62.3154 
657.436 62.3447 
663.047 62.2366 
668.659 62.0556 
674.27 61.7319 
679.881 61.4389 
685.493 61.248 
691.104 61.1605 
696.715 61.0575 
702.326 60.8926 
707.938 60.7655 
713.549 60.7303 
719.16 60.738 
724.772 60.7266 
730.383 60.7225 
735.994 60.7056 
741.605 60.7103 
747.217 60.7936 
752.828 60.9695 
758.439 61.1866 
764.051 61.424 
769.662 61.6413 
775.273 61.8246 
780.885 62.0078 
786.496 62.1802 
792.107 62.3085 
797.718 62.4371 
803.33 62.566 
808.941 62.6205 
814.552 62.6444 
820.164 62.6674 
825.775 62.6789 
831.386 62.6581 
836.998 62.5995 
842.609 62.4644 
848.22 62.3402 
853.832 62.2838 
859.443 62.2857 
865.054 62.3773 
870.665 62.4717 
876.277 62.5906 
881.888 62.6472 
887.499 62.6367 
893.111 62.6494 
898.722 62.7517 
904.333 62.9323 
909.944 63.1427 
915.556 63.4956 
921.167 63.7173 
926.778 63.9186 
932.39 64.1614 
938.001 64.4122 
943.612 64.7031 
949.224 64.9441 
954.835 65.1504 
960.446 65.3588 
966.057 65.5217 
971.669 65.6197 
977.28 65.6286 
982.891 65.5393 
988.503 65.2985 
994.114 65.0489 
999.725 64.7769 
1005.34 64.5495 
1010.95 64.3619 
1016.56 64.2048 
1022.17 64.1376 
1027.78 64.165 
1033.39 64.2917 
1039 64.4803 
1044.62 64.6135 
1050.23 64.6443 
1055.84 64.7175 
1061.45 64.8302 
1067.06 64.8488 
1072.67 64.8367 
1078.28 64.7926 
1083.89 64.6744 
1089.51 64.588 
1095.12 64.4754 
1100.73 64.3604 
1106.34 64.2829 
1111.95 64.2738 
1117.56 64.399 
1123.17 64.6803 
1128.79 65.0018 
1134.4 65.1918 
1140.01 65.2079 
1145.62 65.1852 
1151.23 65.1494 
1156.84 65.1215 
1162.45 65.1272 
1168.06 65.2135 
1173.68 65.3411 
1179.29 65.459 
1184.9 65.5167 
1190.51 65.5593 
1196.12 65.62 
1201.73 65.7315 
1207.34 65.8687 
1212.95 66.0306 
1218.57 66.1612 
1224.18 66.2791 
1229.79 66.3935 
1235.4 66.4808 
1241.01 66.5996 
1246.62 66.8214 
1252.23 67.0346 
1257.85 67.222 
1263.46 67.3578 
1269.07 67.3998 
1274.68 67.4243 
1280.29 67.4285 
1285.9 67.3846 
1291.51 67.3468 
1297.12 67.3413 
1302.74 67.3219 
1308.35 67.3339 
1313.96 67.3178 
1319.57 67.247 
1325.18 67.1023 
1330.79 66.8884 
1336.4 66.5546 
1342.01 66.159 
1347.63 65.8285 
1353.24 65.6015 
1358.85 65.3922 
1364.46 65.1114 
1370.07 64.7712 
1375.68 64.4038 
1381.29 63.94 
1386.9 63.6255 
1392.52 63.2727 
1398.13 62.8893 
1403.74 62.53 
1409.35 62.257 
1414.96 62.0935 
1420.57 61.9994 
1426.18 61.9373 
1431.8 61.8742 
1437.41 61.8828 
1443.02 61.9533 
1448.63 62.0846 
1454.24 62.2277 
1459.85 62.341 
1465.46 62.4504 
1471.07 62.503 
1476.69 62.4567 
1482.3 62.3853 
1487.91 62.3134 
1493.52 62.2508 
1499.13 62.2009 
1504.74 62.1515 
1510.35 62.1043 
1515.96 62.0738 
1521.58 62.0628 
1527.19 62.0431 
1532.8 61.9754 
1538.41 61.9362 
1544.02 61.9071 
1549.63 61.8545 
1555.24 61.7895 
1560.86 61.6001 
1566.47 61.3101 
1572.08 61.0976 
1577.69 60.9264 
1583.3 60.7847 
1588.91 60.7899 
1594.52 60.8355 
1600.13 60.9491 
1605.75 61.0908 
1611.36 61.1108 
1616.97 61.1776 
1622.58 61.3315 
1628.19 61.5178 
1633.8 61.63 
1639.41 61.6749 
1645.02 61.7713 
1650.64 61.8816 
1656.25 62.0956 
1661.86 62.2477 
1667.47 62.3811 
1673.08 62.5614 
1678.69 62.7411 
1684.3 62.964 
1689.92 63.1853 
1695.53 63.4099 
1701.14 63.6814 
1706.75 64.0463 
1712.36 64.4887 
1717.97 64.9819 
1723.58 65.4476 
1729.19 65.8894 
1734.81 66.2949 
1740.42 66.6684 
1746.03 66.9968 
1751.64 67.2909 
1757.25 67.6101 
1762.86 67.792 
1768.47 67.8918 
1774.08 67.9508 
1779.7 67.9986 
1785.31 68.069 
1790.92 68.2334 
1796.53 68.3713 
1802.14 68.5841 
1807.75 68.7619 
1813.36 68.8907 
1818.98 68.9857 
1824.59 69.0854 
1830.2 69.1727 
1835.81 69.25 
1841.42 69.3519 
1847.03 69.4019 
1852.64 69.4555 
1858.25 69.5482 
1863.87 69.6334 
1869.48 69.7128 
1875.09 69.773 
1880.7 69.8159 
1886.31 69.793 
1891.92 69.6758 
1897.53 69.4804 
1903.14 69.3323 
1908.76 69.291 
1914.37 69.284 
1919.98 69.2733 
1925.59 69.2961 
1931.2 69.209 
1936.81 68.9602 
1942.42 68.698 
1948.03 68.4784 
1953.65 68.3832 
1959.26 68.3098 
1964.87 68.1769 
1970.48 67.9759 
1976.09 67.7384 
1981.7 67.4963 
1987.31 67.2692 
1992.93 67.051 
1998.54 66.8876 
2004.15 66.7815 
2009.76 66.5593 
2015.37 66.4105 
2020.98 66.3032 
2026.59 66.1537 
2032.2 65.9781 
2037.82 65.8058 
2043.43 65.6181 
2049.04 65.3271 
2054.65 65.0101 
2060.26 64.6862 
2065.87 64.3388 
2071.48 63.9447 
2077.09 63.5081 
2082.71 63.1714 
2088.32 62.9679 
2093.93 62.7679 
2099.54 62.4196 
2105.15 62.0201 
2110.76 61.6843 
2116.37 61.2502 
2121.99 60.8185 
2127.6 60.4502 
2133.21 60.1252 
2138.82 59.8459 
2144.43 59.5582 
2150.04 59.1725 
2155.65 58.7532 
2161.26 58.3448 
2166.88 57.9272 
2172.49 57.5307 
2178.1 57.2017 
2183.71 56.9216 
2189.32 56.6624 
2194.93 56.3938 
2200.54 56.1002 
2206.15 55.8005 
2211.77 55.4889 
2217.38 55.1903 
2222.99 54.9217 
2228.6 54.707 
2234.21 54.4993 
2239.82 54.3136 
2245.43 54.1651 
2251.05 54.0829 
2256.66 54.0587 
2262.27 54.1168 
2267.88 54.2616 
2273.49 54.4354 
2279.1 54.6375 
2284.71 54.8536 
2290.32 55.1041 
2295.94 55.4081 
2301.55 55.7568 
2307.16 56.0474 
2312.77 56.5058 
2318.38 56.9374 
2323.99 57.3754 
2329.6 57.8124 
2335.21 58.1904 
2340.83 58.4272 
2346.44 58.5972 
2352.05 58.8456 
2357.66 59.098 
2363.27 59.3346 
2368.88 59.5472 
2374.49 59.5678 
2380.11 59.4562 
2385.72 59.3339 
2391.33 59.0282 
2396.94 58.8101 
2402.55 58.8094 
2408.16 58.9534 
2413.77 59.0463 
2419.38 59.0514 
2425 59.0444 
2430.61 59.141 
2436.22 59.2807 
2441.83 59.2829 
2447.44 59.2151 
2453.05 59.2061 
2458.66 59.306 
2464.27 59.496 
2469.89 59.7087 
2475.5 59.9563 
2481.11 60.0783 
2486.72 60.209 
2492.33 60.4089 
2497.94 60.7087 
2503.55 61.1016 
2509.17 61.5949 
2514.78 61.9332 
2520.39 62.1927 
2526 62.3747 
2531.61 62.4981 
2537.22 62.558 
2542.83 62.5848 
2548.44 62.5745 
2554.06 62.5527 
2559.67 62.5568 
2565.28 62.5344 
