1841.42 0.1 48.3302 2.39354 
1858.25 0.1 48.2658 1.98907 
1936.81 0.1 47.7221 2.19279 
1948.03 0.1 47.6735 3.20615 
1959.26 0.1 47.6361 3.19622 
1987.31 0.1 47.6546 1.30093 
-2647.62 190 41.5111 4.98087 
-2440 70 43.4283 8.55036 
-2440 70 43.4283 14.1908 
-2260.44 80 46.3865 4.64447 
-2170.66 500 48.3082 7.83284 
-2097.71 50 48.9944 1.69392 
-1772.26 250 47.8121 2.71164 
-1682.48 80 48.3809 7.04826 
-1682.48 80 48.3809 7.04826 
-1682.48 80 48.3809 5.16872 
-1530.97 80 47.437 8.3323 
-1530.97 60 47.437 10.3152 
-1401.91 30 44.3627 4.40473 
-1082.07 200 50.8508 18.9381 
-941.785 70 54.7165 11.5685 
-891.283 60 56.1393 4.46504 
-891.283 60 56.1393 12.606 
-818.336 150 57.8075 4.39837 
-818.336 150 57.8075 9.68641 
-818.336 150 57.8075 11.3258 
-599.495 80 60.2895 2.29659 
-442.379 60 60.1175 6.9052 
-442.379 60 60.1175 6.67603 
-442.379 60 60.1175 6.91516 
-408.711 90 59.0985 0.620535 
-240.372 70 54.7631 6.99655 
-234.761 70 54.694 12.3454 
-229.149 60 54.6553 15.8283 
-167.425 70 54.5105 12.7274 
-167.425 70 54.5105 4.94511 
-167.425 160 54.5105 9.64476 
-167.425 70 54.5105 12.7274 
-100.09 150 53.2537 4.45164 
-77.6443 80 52.7223 15.7198 
141.196 80 51.8817 3.60976 
259.034 70 53.1881 3.09579 
517.154 60 50.4417 6.81843 
618.157 60 51.0431 4.91389 
629.379 50 51.1089 3.59378 
640.602 40 51.16 5.76497 
640.602 40 51.16 5.9151 
769.662 120 51.8437 3.878 
769.662 40 51.8437 4.49664 
780.885 150 51.9879 13.2251 
848.22 60 51.3315 16.0324 
848.22 60 51.3315 16.0324 
848.22 60 51.3315 4.28461 
893.111 50 51.1067 6.43714 
921.167 60 51.0803 2.711 
921.167 60 51.0803 5.34197 
1039 70 49.5908 2.97 
1050.23 120 49.4794 4.15461 
1050.23 120 49.4794 4.15461 
1050.23 120 49.4794 11.9933 
1050.23 70 49.4794 0.03 
1050.23 70 49.4794 9.87634 
1117.56 60 49.553 4.59546 
1190.51 70 49.4119 0.799307 
1252.23 70 49.088 1.20192 
1336.4 60 48.3658 8.82385 
1381.29 60 48.3326 8.07304 
1381.29 60 48.3326 8.01316 
1448.63 200 48.4288 2.89964 
1510.35 90 48.5018 0.599407 
1560.86 100 48.6076 7.49309 
1628.19 320 47.8595 5.39467 
1628.19 320 47.8595 9.99013 
1628.19 320 47.8595 2.89714 
1661.86 70 47.2084 7.41992 
1689.92 70 46.4929 5.29477 
1689.92 70 46.4929 2.09534 
1751.64 10 46.4788 9.70478 
1841.42 10 48.3302 1.99556 
1908.76 5 47.9376 2.99334 
1925.59 5 47.8287 9.17839 
1925.59 5 47.8287 6.00222 
1925.59 5 47.8287 2.10077 
1925.59 5 47.8287 3.89134 
1948.03 1 47.6735 8.78046 
1953.65 5 47.655 4.68956 
1953.65 1 47.655 3.69772 
1953.65 1 47.655 6.88468 
1953.65 1 47.655 9.34885 
1953.65 1 47.655 1.89977 
1953.65 1 47.655 1.5998 
1959.26 1 47.6361 8.61543 
1959.26 1 47.6361 3.39665 
1959.26 1 47.6361 5.99408 
1959.26 1 47.6361 4.495 
1959.26 1 47.6361 9.5897 
1959.26 1 47.6361 7.89152 
1959.26 10 47.6361 8.09201 
1959.26 1 47.6361 3.69178 
1970.48 5 47.5842 2.80414 
1970.48 5 47.5842 8.41242 
1970.48 1 47.5842 8.98002 
1976.09 1 47.616 1.89578 
1981.7 2 47.6386 2.09534 
1998.54 1 47.7893 0.499691 
2009.76 1 48.0371 4.20414 
1987.31 1 47.6546 3.30244 
1959.26 1 47.6361 1.69811 
1953.65 1 47.655 3.8 
1948.03 1 47.6735 0.901667 
1936.81 1 47.7221 1.59585 
1925.59 1 47.8287 0.401136 
1919.98 1 47.8925 0.400938 
1869.48 1 48.1509 2.71197 
1852.64 1 48.3157 1.09783 
1841.42 1 48.3302 1.6956 
1790.92 1 47.533 4.19845 
1532.8 130 48.5793 4.80414 
1426.18 32 48.5116 1.59921 
1381.29 152 48.3326 1.69832 
1325.18 58 48.4876 1.70398 
1134.4 85 49.6004 2.91 
1089.51 68 49.453 1.80511 
590.1 41 50.5424 2.49322 
461.04 112 51.263 8.67101 
427.373 203 51.7198 0.698965 
1869.48 1 48.1509 4.31906 
747.217 61 51.6338 1.19645 
1959.26 1 47.6361 5.39401 
1953.65 1 47.655 5.90146 
1959.26 1 47.6361 9.9889 
1325.18 58 48.4876 3.20749 
1134.4 85 49.6004 7.02414 
1532.8 130 48.5793 2.40207 
