337.592 13 70.566 3.4 
410.539 13 68.8196 2.8 
461.04 20 66.6089 2.5 
550.821 25 63.7978 1.8 
573.266 25 63.2142 1.9 
573.266 25 63.2142 1.4 
573.266 25 63.2142 1.2 
601.323 25 62.563 2.5 
651.825 25 62.3154 2.1 
651.825 25 62.3154 1.5 
651.825 50 62.3154 0.9 
674.27 25 61.7319 1.3 
702.326 50 60.8926 1.5 
702.326 25 60.8926 3.6 
775.273 25 61.8246 2.1 
775.273 25 61.8246 3.1 
797.718 25 62.4371 3.1 
825.775 25 62.6789 2.6 
825.775 25 62.6789 2.3 
825.775 25 62.6789 3.8 
825.775 25 62.6789 1.9 
825.775 25 62.6789 3.3 
898.722 26.5 62.7517 1.5 
898.722 50 62.7517 2.3 
960.446 40 65.3588 4.5 
999.725 25 64.7769 3 
1072.67 25 64.8367 3.2 
1123.17 25 64.6803 1.6 
1140.01 37.5 65.2079 3 
1173.68 15 65.3411 1.1 
1224.18 25 66.2791 4.1 
1235.4 12.5 66.4808 3.4 
1274.68 25 67.4243 2.6 
1325.18 25 67.1023 1.5 
1325.18 25 67.1023 3 
1325.18 3.5 67.1023 1.4 
1336.4 12.5 66.5546 2.6 
1342.01 10 66.159 1.7 
1358.85 0.5 65.3922 3.4 
1375.68 25 64.4038 1.4 
1426.18 25 61.9373 1.1 
1448.63 25 62.0846 0.5 
1448.63 2 62.0846 2.1 
1487.91 11.5 62.3134 2.2 
1493.52 0.5 62.2508 1.6 
1515.96 0.5 62.0738 0.8 
1527.19 15 62.0431 4.4 
1527.19 25 62.0431 3.2 
1532.8 5 61.9754 1.9 
1544.02 0.5 61.9071 2.1 
1549.63 1 61.8545 3.2 
1549.63 0.5 61.8545 1.2 
1560.86 10 61.6001 0.9 
1560.86 11 61.6001 2.1 
1577.69 7 60.9264 4.1 
1616.97 7.5 61.1776 1.5 
1628.19 0.5 61.5178 1.4 
1645.02 32.5 61.7713 2.2 
1645.02 32.5 61.7713 1.2 
1645.02 32.5 61.7713 2 
1667.47 10 62.3811 2 
1678.69 16 62.7411 3.4 
1734.81 0.5 66.2949 1.9 
1768.47 10 67.8918 2.3 
1774.08 5 67.9508 2.1 
1796.53 0.5 68.3713 1.5 
1802.14 15 68.5841 1 
1802.14 5 68.5841 1.3 
1830.2 13.5 69.1727 1.8 
1830.2 15 69.1727 0.1 
1852.64 5 69.4555 2.6 
1897.53 1 69.4804 1 
1645.02 10 61.7713 5 
1437.41 35 61.8828 2.2 
1443.02 25 61.9533 1.8 
1701.14 50 63.6814 4.2 
427.373 75 68.1053 2.2 
1370.07 30 64.7712 3 
1706.75 11 64.0463 2.2 
1072.67 125 64.8367 8 
775.273 25 61.8246 1.49 
1802.14 150 68.5841 6.7 
1600.13 100 60.9491 3.4 
438.595 102.5 67.6992 3.2 
623.768 32.5 62.5197 8.7 
747.217 150 60.7936 3.7 
702.326 25 60.8926 8.3 
859.443 50 62.2857 10.8 
943.612 45 64.7031 7 
1179.29 80 65.459 5.4 
1852.64 59 69.4555 2.6 
1022.17 21 64.1376 2.9 
1061.45 30.5 64.8302 5.1 
0.9139 30 71.8245 3.5 
68.2495 20 68.1129 2.8 
129.974 30 63.5186 4.8 
152.419 30 62.8352 4.5 
208.532 20 63.2636 3.8 
214.143 20 63.3419 5.1 
309.535 30 69.3882 3 
309.535 30 69.3882 4 
-15.92 65 72.4176 4.2 
17.7478 40 71.2647 3.2 
73.8608 25 67.5945 6.2 
186.087 35 63.1247 3.4 
242.2 30 64.7003 4.1 
427.373 75 68.1053 2.2 
331.981 30 70.3536 3.1 
247.811 50 65.1319 6.3 
124.362 25 63.8407 8.4 
247.811 50 65.1319 7.4 
124.362 25 63.8407 7.4 
-672.442 129 60.6439 6.9 
-610.718 27.5 60.95 2.9 
-571.439 178 61.8234 5.6 
-447.99 50 68.7772 10.6 
-436.768 87.5 69.6926 3 
-436.768 35 69.6926 9.1 
-290.874 92.5 73.2587 3.4 
-290.874 100 73.2587 5.5 
-274.04 25 73.5164 2.9 
-223.538 25 74.0297 5.4 
-223.538 135 74.0297 4.4 
-189.87 20 73.3224 4.6 
-189.87 20 73.3224 4.6 
-116.923 25 72.6873 4.2 
-100.09 25 72.9084 8.1 
-100.09 25 72.9084 9.4 
-100.09 50 72.9084 4.8 
-43.9765 15 73.0752 3.6 
-38.3652 10 72.9168 4.8 
-722.944 75 62.455 3.5 
-722.944 75 62.455 4 
-773.446 75 64.6017 2.1 
-924.951 50 69.3007 5.7 
-924.951 25 69.3007 4 
-852.004 50 67.2703 4.2 
-852.004 50 67.2703 5.6 
-874.449 75 68.1439 5.5 
-1025.95 105 71.2569 3.5 
-122.535 75 72.6772 4.7 
-711.721 90 62.2344 7.3 
-751 30 63.5759 2.6 
-599.495 60 61.2659 6.2 
-711.721 90 62.2344 1.7 
-711.721 90 62.2344 6.5 
-924.951 125 69.3007 6.4 
-874.449 75 68.1439 3.8 
-874.449 75 68.1439 3.8 
-408.711 50 71.0415 8 
-408.711 50 71.0415 6.6 
-369.432 50 71.9694 0.8 
-408.711 50 71.0415 4.9 
-487.269 50 65.3292 2.5 
