-8994 51.5993 
-8988.39 51.5379 
-8982.78 51.4526 
-8977.17 51.4123 
-8971.55 51.4039 
-8965.94 51.3754 
-8960.33 51.3354 
-8954.72 51.3313 
-8949.11 51.3391 
-8943.5 51.3434 
-8937.89 51.3209 
-8932.28 51.2921 
-8926.66 51.3199 
-8921.05 51.3518 
-8915.44 51.3712 
-8909.83 51.4688 
-8904.22 51.5931 
-8898.61 51.6848 
-8893 51.7544 
-8887.39 51.8254 
-8881.77 51.9554 
-8876.16 52.1013 
-8870.55 52.2159 
-8864.94 52.3097 
-8859.33 52.364 
-8853.72 52.3889 
-8848.11 52.4104 
-8842.49 52.4481 
-8836.88 52.4664 
-8831.27 52.4752 
-8825.66 52.4475 
-8820.05 52.3993 
-8814.44 52.2815 
-8808.83 52.1276 
-8803.22 51.9946 
-8797.6 51.8873 
-8791.99 51.7888 
-8786.38 51.6935 
-8780.77 51.5775 
-8775.16 51.4363 
-8769.55 51.2961 
-8763.94 51.1251 
-8758.33 50.965 
-8752.71 50.8203 
-8747.1 50.652 
-8741.49 50.4897 
-8735.88 50.3428 
-8730.27 50.228 
-8724.66 50.1509 
-8719.05 50.1076 
-8713.43 50.0603 
-8707.82 49.9951 
-8702.21 49.933 
-8696.6 49.8409 
-8690.99 49.7588 
-8685.38 49.7346 
-8679.77 49.7406 
-8674.16 49.7456 
-8668.54 49.7021 
-8662.93 49.5744 
-8657.32 49.3603 
-8651.71 49.0405 
-8646.1 48.7014 
-8640.49 48.3778 
-8634.88 48.0413 
-8629.27 47.6652 
-8623.65 47.2802 
-8618.04 46.9474 
-8612.43 46.6477 
-8606.82 46.3855 
-8601.21 46.1917 
-8595.6 46.0359 
-8589.99 45.8758 
-8584.38 45.7234 
-8578.76 45.6227 
-8573.15 45.5951 
-8567.54 45.5539 
-8561.93 45.4334 
-8556.32 45.3541 
-8550.71 45.3603 
-8545.1 45.3904 
-8539.48 45.4337 
-8533.87 45.5657 
-8528.26 45.8162 
-8522.65 46.0987 
-8517.04 46.3836 
-8511.43 46.6461 
-8505.82 46.8913 
-8500.21 47.1316 
-8494.59 47.3827 
-8488.98 47.6234 
-8483.37 47.8681 
-8477.76 48.1209 
-8472.15 48.3529 
-8466.54 48.5481 
-8460.93 48.7157 
-8455.32 48.8675 
-8449.7 49.0099 
-8444.09 49.1494 
-8438.48 49.2701 
-8432.87 49.3349 
-8427.26 49.3865 
-8421.65 49.4703 
-8416.04 49.6126 
-8410.42 49.7712 
-8404.81 49.8806 
-8399.2 49.9361 
-8393.59 49.994 
-8387.98 50.0518 
-8382.37 50.0407 
-8376.76 50.003 
-8371.15 50.0533 
-8365.53 50.1922 
-8359.92 50.3363 
-8354.31 50.4489 
-8348.7 50.5303 
-8343.09 50.5979 
-8337.48 50.6427 
-8331.87 50.7207 
-8326.26 50.7728 
-8320.64 50.7785 
-8315.03 50.8046 
-8309.42 50.9127 
-8303.81 51.1064 
-8298.2 51.3567 
-8292.59 51.6476 
-8286.98 51.9713 
-8281.36 52.2958 
-8275.75 52.6441 
-8270.14 53.0007 
-8264.53 53.3626 
-8258.92 53.6987 
-8253.31 53.995 
-8247.7 54.2751 
-8242.09 54.5139 
-8236.47 54.7926 
-8230.86 55.1009 
-8225.25 55.4228 
-8219.64 55.764 
-8214.03 56.0966 
-8208.42 56.4417 
-8202.81 56.8003 
-8197.2 57.1545 
-8191.58 57.5218 
-8185.97 57.9478 
-8180.36 58.3638 
-8174.75 58.7435 
-8169.14 59.0512 
-8163.53 59.3294 
-8157.92 59.607 
-8152.31 59.8486 
-8146.69 60.092 
-8141.08 60.3047 
-8135.47 60.5024 
-8129.86 60.6355 
-8124.25 60.7234 
-8118.64 60.7472 
-8113.03 60.787 
-8107.41 60.8284 
-8101.8 60.8663 
-8096.19 60.8685 
-8090.58 60.8608 
-8084.97 60.8421 
-8079.36 60.7965 
-8073.75 60.7523 
-8068.14 60.7506 
-8062.52 60.8128 
-8056.91 60.8927 
-8051.3 61.0053 
-8045.69 61.1223 
-8040.08 61.2505 
-8034.47 61.3355 
-8028.86 61.4193 
-8023.25 61.4896 
-8017.63 61.5005 
-8012.02 61.5082 
-8006.41 61.4775 
-8000.8 61.3897 
-7995.19 61.2971 
-7989.58 61.195 
-7983.97 61.1233 
-7978.35 61.0169 
-7972.74 60.8476 
-7967.13 60.7103 
-7961.52 60.583 
-7955.91 60.5079 
-7950.3 60.448 
-7944.69 60.4233 
-7939.08 60.4382 
-7933.46 60.4835 
-7927.85 60.5319 
-7922.24 60.5757 
-7916.63 60.5762 
-7911.02 60.536 
-7905.41 60.5016 
-7899.8 60.4602 
-7894.19 60.3884 
-7888.57 60.3209 
-7882.96 60.2487 
-7877.35 60.1835 
-7871.74 60.1043 
-7866.13 60.0552 
-7860.52 60.0452 
-7854.91 60.0081 
-7849.29 59.959 
-7843.68 59.9009 
-7838.07 59.8027 
-7832.46 59.7308 
-7826.85 59.6576 
-7821.24 59.6223 
-7815.63 59.6159 
-7810.02 59.5984 
-7804.4 59.5297 
-7798.79 59.4537 
-7793.18 59.38 
-7787.57 59.2826 
-7781.96 59.1842 
-7776.35 59.0833 
-7770.74 58.9842 
-7765.13 58.9048 
-7759.51 58.8546 
-7753.9 58.8294 
-7748.29 58.8233 
-7742.68 58.8467 
-7737.07 58.8877 
-7731.46 58.9613 
-7725.85 59.0578 
-7720.23 59.1357 
-7714.62 59.2104 
-7709.01 59.3044 
-7703.4 59.3883 
-7697.79 59.4954 
-7692.18 59.585 
-7686.57 59.6864 
-7680.96 59.7892 
-7675.34 59.8555 
-7669.73 59.8313 
-7664.12 59.8065 
-7658.51 59.8406 
-7652.9 59.8732 
-7647.29 59.8761 
-7641.68 59.9542 
-7636.07 60.1123 
-7630.45 60.2956 
-7624.84 60.4326 
-7619.23 60.5042 
-7613.62 60.5471 
-7608.01 60.5629 
-7602.4 60.5416 
-7596.79 60.5328 
-7591.18 60.5156 
-7585.56 60.481 
-7579.95 60.4465 
-7574.34 60.462 
-7568.73 60.4298 
-7563.12 60.2999 
-7557.51 60.142 
-7551.9 59.9587 
-7546.28 59.773 
-7540.67 59.6039 
-7535.06 59.4049 
-7529.45 59.2024 
-7523.84 59.0029 
-7518.23 58.8199 
-7512.62 58.6172 
-7507.01 58.4015 
-7501.39 58.1938 
-7495.78 58.0207 
-7490.17 57.8932 
-7484.56 57.7988 
-7478.95 57.7616 
-7473.34 57.749 
-7467.73 57.7205 
-7462.12 57.6513 
-7456.5 57.5317 
-7450.89 57.4133 
-7445.28 57.3555 
-7439.67 57.2979 
-7434.06 57.2253 
-7428.45 57.1528 
-7422.84 57.0481 
-7417.22 56.9135 
-7411.61 56.8098 
-7406 56.7283 
-7400.39 56.6585 
-7394.78 56.5812 
-7389.17 56.4796 
-7383.56 56.3162 
-7377.95 56.1851 
-7372.33 56.0972 
-7366.72 56.0567 
-7361.11 56.0717 
-7355.5 56.1216 
-7349.89 56.206 
-7344.28 56.2825 
-7338.67 56.3168 
-7333.06 56.2913 
-7327.44 56.2161 
-7321.83 56.1133 
-7316.22 55.9904 
-7310.61 55.8917 
-7305 55.7348 
-7299.39 55.5701 
-7293.78 55.4199 
-7288.16 55.317 
-7282.55 55.1971 
-7276.94 55.0398 
-7271.33 54.8687 
-7265.72 54.68 
-7260.11 54.516 
-7254.5 54.3673 
-7248.89 54.205 
-7243.27 54.0154 
-7237.66 53.8105 
-7232.05 53.589 
-7226.44 53.3526 
-7220.83 53.1275 
-7215.22 52.9026 
-7209.61 52.6529 
-7204 52.3944 
-7198.38 52.1486 
-7192.77 51.9016 
-7187.16 51.7148 
-7181.55 51.551 
-7175.94 51.415 
-7170.33 51.3194 
-7164.72 51.2577 
-7159.1 51.1599 
-7153.49 51.0517 
-7147.88 50.9798 
-7142.27 50.912 
-7136.66 50.8066 
-7131.05 50.6811 
-7125.44 50.5726 
-7119.83 50.4486 
-7114.21 50.3384 
-7108.6 50.2879 
-7102.99 50.2525 
-7097.38 50.216 
-7091.77 50.1807 
-7086.16 50.1469 
-7080.55 50.138 
-7074.94 50.0928 
-7069.32 50.0392 
-7063.71 49.993 
-7058.1 49.9226 
-7052.49 49.8468 
-7046.88 49.7847 
-7041.27 49.7689 
-7035.66 49.788 
-7030.04 49.8081 
-7024.43 49.7986 
-7018.82 49.7277 
-7013.21 49.6832 
-7007.6 49.6323 
-7001.99 49.5753 
-6996.38 49.494 
-6990.77 49.4075 
-6985.15 49.3176 
-6979.54 49.2266 
-6973.93 49.1416 
-6968.32 49.0616 
-6962.71 49.0124 
-6957.1 48.9806 
-6951.49 48.965 
-6945.88 48.958 
-6940.26 48.9547 
-6934.65 48.9757 
-6929.04 48.9979 
-6923.43 49.0299 
-6917.82 49.0798 
-6912.21 49.1463 
-6906.6 49.2083 
-6900.99 49.2573 
-6895.37 49.3189 
-6889.76 49.3967 
-6884.15 49.4756 
-6878.54 49.5401 
-6872.93 49.6157 
-6867.32 49.7106 
-6861.71 49.8165 
-6856.09 49.924 
-6850.48 49.9756 
-6844.87 49.996 
-6839.26 50.0057 
-6833.65 50.0194 
-6828.04 50.0451 
-6822.43 50.0917 
-6816.82 50.1464 
-6811.2 50.2042 
-6805.59 50.2437 
-6799.98 50.2706 
-6794.37 50.3154 
-6788.76 50.3245 
-6783.15 50.3333 
-6777.54 50.3351 
-6771.93 50.3256 
-6766.31 50.304 
-6760.7 50.31 
-6755.09 50.3193 
-6749.48 50.3408 
-6743.87 50.3835 
-6738.26 50.437 
-6732.65 50.5016 
-6727.03 50.5321 
-6721.42 50.517 
-6715.81 50.4523 
-6710.2 50.3559 
-6704.59 50.2308 
-6698.98 50.0991 
-6693.37 49.9512 
-6687.76 49.7901 
-6682.14 49.6375 
-6676.53 49.4987 
-6670.92 49.372 
-6665.31 49.227 
-6659.7 49.073 
-6654.09 48.9212 
-6648.48 48.7615 
-6642.87 48.6154 
-6637.25 48.4684 
-6631.64 48.2934 
-6626.03 48.0798 
-6620.42 47.8778 
-6614.81 47.7159 
-6609.2 47.5454 
-6603.59 47.3763 
-6597.97 47.2256 
-6592.36 47.077 
-6586.75 46.9164 
-6581.14 46.7641 
-6575.53 46.623 
-6569.92 46.4909 
-6564.31 46.3689 
-6558.7 46.2653 
-6553.08 46.1673 
-6547.47 46.0333 
-6541.86 45.8501 
-6536.25 45.6299 
-6530.64 45.4022 
-6525.03 45.1498 
-6519.42 44.8841 
-6513.81 44.6179 
-6508.19 44.3816 
-6502.58 44.1856 
-6496.97 43.9643 
-6491.36 43.7695 
-6485.75 43.6163 
-6480.14 43.5176 
-6474.53 43.4434 
-6468.92 43.3518 
-6463.3 43.2534 
-6457.69 43.1399 
-6452.08 43.0615 
-6446.47 43.0102 
-6440.86 42.9849 
-6435.25 42.9684 
-6429.64 42.967 
-6424.02 42.9837 
-6418.41 42.9867 
-6412.8 43.0016 
-6407.19 43.0389 
-6401.58 43.0717 
-6395.97 43.1016 
-6390.36 43.146 
-6384.75 43.1938 
-6379.13 43.251 
-6373.52 43.3275 
-6367.91 43.3829 
-6362.3 43.4709 
-6356.69 43.5567 
-6351.08 43.6389 
-6345.47 43.6705 
-6339.86 43.6527 
-6334.24 43.6323 
-6328.63 43.6002 
-6323.02 43.5767 
-6317.41 43.5841 
-6311.8 43.6151 
-6306.19 43.6421 
-6300.58 43.6592 
-6294.96 43.6779 
-6289.35 43.6907 
-6283.74 43.6831 
-6278.13 43.658 
-6272.52 43.6127 
-6266.91 43.5782 
-6261.3 43.581 
-6255.69 43.5774 
-6250.07 43.5719 
-6244.46 43.5639 
-6238.85 43.5743 
-6233.24 43.6051 
-6227.63 43.6128 
-6222.02 43.62 
-6216.41 43.6059 
-6210.8 43.5652 
-6205.18 43.5051 
-6199.57 43.4562 
-6193.96 43.4249 
-6188.35 43.3677 
-6182.74 43.3021 
-6177.13 43.2151 
-6171.52 43.1183 
-6165.9 43.0301 
-6160.29 42.9607 
-6154.68 42.9305 
-6149.07 42.892 
-6143.46 42.8623 
-6137.85 42.8255 
-6132.24 42.7615 
-6126.63 42.6723 
-6121.01 42.5751 
-6115.4 42.5137 
-6109.79 42.4547 
-6104.18 42.4308 
-6098.57 42.4312 
-6092.96 42.4439 
-6087.35 42.4585 
-6081.74 42.4769 
-6076.12 42.4978 
-6070.51 42.5074 
-6064.9 42.5317 
-6059.29 42.572 
-6053.68 42.5946 
-6048.07 42.6233 
-6042.46 42.6568 
-6036.84 42.6968 
-6031.23 42.7174 
-6025.62 42.7212 
-6020.01 42.7234 
-6014.4 42.7245 
-6008.79 42.7199 
-6003.18 42.7401 
-5997.57 42.7676 
-5991.95 42.7774 
-5986.34 42.7701 
-5980.73 42.7467 
-5975.12 42.699 
-5969.51 42.6687 
-5963.9 42.6555 
-5958.29 42.66 
-5952.68 42.7243 
-5947.06 42.7987 
-5941.45 42.8842 
-5935.84 42.954 
-5930.23 43.0178 
-5924.62 43.1321 
-5919.01 43.2743 
-5913.4 43.4588 
-5907.79 43.6282 
-5902.17 43.7774 
-5896.56 43.8838 
-5890.95 43.9782 
-5885.34 44.0763 
-5879.73 44.1938 
-5874.12 44.3235 
-5868.51 44.4438 
-5862.89 44.5559 
-5857.28 44.676 
-5851.67 44.813 
-5846.06 44.934 
-5840.45 45.0427 
-5834.84 45.1661 
-5829.23 45.2992 
-5823.62 45.4541 
-5818 45.6306 
-5812.39 45.8374 
-5806.78 46.0568 
-5801.17 46.304 
-5795.56 46.5801 
-5789.95 46.8685 
-5784.34 47.15 
-5778.73 47.4503 
-5773.11 47.7553 
-5767.5 47.9409 
-5761.89 47.9953 
-5756.28 47.9812 
-5750.67 47.9362 
-5745.06 47.8953 
-5739.45 47.8224 
-5733.83 47.6869 
-5728.22 47.5587 
-5722.61 47.4858 
-5717 47.4109 
-5711.39 47.377 
-5705.78 47.3587 
-5700.17 47.2988 
-5694.56 47.2098 
-5688.94 47.1285 
-5683.33 47.0074 
-5677.72 46.9206 
-5672.11 46.8456 
-5666.5 46.7254 
-5660.89 46.6437 
-5655.28 46.5793 
-5649.67 46.5124 
-5644.05 46.4635 
-5638.44 46.4466 
-5632.83 46.427 
-5627.22 46.3811 
-5621.61 46.3349 
-5616 46.3374 
-5610.39 46.3227 
-5604.77 46.307 
-5599.16 46.2789 
-5593.55 46.2334 
-5587.94 46.2012 
-5582.33 46.1568 
-5576.72 46.117 
-5571.11 46.0778 
-5565.5 46.0484 
-5559.88 46.0412 
-5554.27 46.0389 
-5548.66 46.0418 
-5543.05 46.0455 
-5537.44 46.0524 
-5531.83 46.0508 
-5526.22 46.0601 
-5520.61 46.1054 
-5514.99 46.1577 
-5509.38 46.2124 
-5503.77 46.2537 
-5498.16 46.2592 
-5492.55 46.2528 
-5486.94 46.2722 
-5481.33 46.2733 
-5475.71 46.2267 
-5470.1 46.1459 
-5464.49 46.0642 
-5458.88 45.9758 
-5453.27 45.8854 
-5447.66 45.8024 
-5442.05 45.7041 
-5436.44 45.6016 
-5430.82 45.5224 
-5425.21 45.437 
-5419.6 45.3616 
-5413.99 45.2984 
-5408.38 45.2308 
-5402.77 45.1521 
-5397.16 45.0651 
-5391.55 44.9613 
-5385.93 44.8463 
-5380.32 44.6843 
-5374.71 44.5526 
-5369.1 44.446 
-5363.49 44.3452 
-5357.88 44.2336 
-5352.27 44.2036 
-5346.65 44.1467 
-5341.04 44.0962 
-5335.43 44.0696 
-5329.82 44.0262 
-5324.21 43.9599 
-5318.6 43.9132 
-5312.99 43.8969 
-5307.38 43.8791 
-5301.76 43.843 
-5296.15 43.7792 
-5290.54 43.7312 
-5284.93 43.6812 
-5279.32 43.6365 
-5273.71 43.6268 
-5268.1 43.6838 
-5262.49 43.7119 
-5256.87 43.7527 
-5251.26 43.7954 
-5245.65 43.85 
-5240.04 43.9486 
-5234.43 44.0901 
-5228.82 44.2303 
-5223.21 44.3831 
-5217.6 44.5455 
-5211.98 44.6529 
-5206.37 44.7004 
-5200.76 44.6891 
-5195.15 44.6139 
-5189.54 44.5371 
-5183.93 44.4987 
-5178.32 44.5417 
-5172.7 44.638 
-5167.09 44.7406 
-5161.48 44.8634 
-5155.87 45.0417 
-5150.26 45.2542 
-5144.65 45.478 
-5139.04 45.7079 
-5133.43 45.9376 
-5127.81 46.1394 
-5122.2 46.2874 
-5116.59 46.4461 
-5110.98 46.6242 
-5105.37 46.8534 
-5099.76 47.1057 
-5094.15 47.3365 
-5088.54 47.5284 
-5082.92 47.6762 
-5077.31 47.7648 
-5071.7 47.8191 
-5066.09 47.8835 
-5060.48 47.9256 
-5054.87 48.0023 
-5049.26 48.0659 
-5043.64 48.0896 
-5038.03 48.101 
-5032.42 48.127 
-5026.81 48.1756 
-5021.2 48.2297 
-5015.59 48.2844 
-5009.98 48.2895 
-5004.37 48.2962 
-4998.75 48.3662 
-4993.14 48.4679 
-4987.53 48.5936 
-4981.92 48.7542 
-4976.31 48.9475 
-4970.7 49.1497 
-4965.09 49.3102 
-4959.48 49.4655 
-4953.86 49.641 
-4948.25 49.8069 
-4942.64 49.9622 
-4937.03 50.0924 
-4931.42 50.1811 
-4925.81 50.2887 
-4920.2 50.3783 
-4914.58 50.5057 
-4908.97 50.6519 
-4903.36 50.8107 
-4897.75 50.9913 
-4892.14 51.1495 
-4886.53 51.2281 
-4880.92 51.2941 
-4875.31 51.3327 
-4869.69 51.3632 
-4864.08 51.4134 
-4858.47 51.4456 
-4852.86 51.4436 
-4847.25 51.4487 
-4841.64 51.4842 
-4836.03 51.5059 
-4830.42 51.5217 
-4824.8 51.5271 
-4819.19 51.5375 
-4813.58 51.515 
-4807.97 51.4758 
-4802.36 51.5104 
-4796.75 51.5326 
-4791.14 51.5391 
-4785.53 51.5371 
-4779.91 51.5318 
-4774.3 51.5119 
-4768.69 51.5056 
-4763.08 51.5175 
-4757.47 51.5819 
-4751.86 51.6589 
-4746.25 51.7904 
-4740.63 51.9245 
-4735.02 52.0427 
-4729.41 52.1926 
-4723.8 52.3715 
-4718.19 52.5444 
-4712.58 52.7148 
-4706.97 52.899 
-4701.36 53.0755 
-4695.74 53.2611 
-4690.13 53.4569 
-4684.52 53.6193 
-4678.91 53.7889 
-4673.3 53.9487 
-4667.69 54.0772 
-4662.08 54.156 
-4656.47 54.2408 
-4650.85 54.3633 
-4645.24 54.4985 
-4639.63 54.6664 
-4634.02 54.8317 
-4628.41 54.9831 
-4622.8 55.1037 
-4617.19 55.1642 
-4611.57 55.1769 
-4605.96 55.1777 
-4600.35 55.1953 
-4594.74 55.2694 
-4589.13 55.3566 
-4583.52 55.4897 
-4577.91 55.6507 
-4572.3 55.8306 
-4566.68 55.9987 
-4561.07 56.1694 
-4555.46 56.3377 
-4549.85 56.4955 
-4544.24 56.6682 
-4538.63 56.8275 
-4533.02 56.9582 
-4527.41 57.1148 
-4521.79 57.2672 
-4516.18 57.398 
-4510.57 57.5126 
-4504.96 57.639 
-4499.35 57.7982 
-4493.74 57.9669 
-4488.13 58.1273 
-4482.51 58.293 
-4476.9 58.4337 
-4471.29 58.6017 
-4465.68 58.7939 
-4460.07 58.9662 
-4454.46 59.1158 
-4448.85 59.2996 
-4443.24 59.4323 
-4437.62 59.4996 
-4432.01 59.4707 
-4426.4 59.3846 
-4420.79 59.3036 
-4415.18 59.2196 
-4409.57 59.1475 
-4403.96 59.0494 
-4398.35 58.9331 
-4392.73 58.8145 
-4387.12 58.6977 
-4381.51 58.5766 
-4375.9 58.4637 
-4370.29 58.3666 
-4364.68 58.2667 
-4359.07 58.1207 
-4353.45 57.9379 
-4347.84 57.7488 
-4342.23 57.5424 
-4336.62 57.318 
-4331.01 57.11 
-4325.4 56.9028 
-4319.79 56.7173 
-4314.18 56.5771 
-4308.56 56.4639 
-4302.95 56.3429 
-4297.34 56.2462 
-4291.73 56.1047 
-4286.12 55.9809 
-4280.51 55.8844 
-4274.9 55.78 
-4269.29 55.7054 
-4263.67 55.6401 
-4258.06 55.5443 
-4252.45 55.4068 
-4246.84 55.247 
-4241.23 55.1016 
-4235.62 54.9608 
-4230.01 54.8631 
-4224.4 54.7864 
-4218.78 54.7562 
-4213.17 54.7375 
-4207.56 54.7585 
-4201.95 54.8082 
-4196.34 54.9171 
-4190.73 55.0928 
-4185.12 55.3004 
-4179.5 55.5154 
-4173.89 55.7003 
-4168.28 55.84 
-4162.67 55.9778 
-4157.06 56.1024 
-4151.45 56.214 
-4145.84 56.347 
-4140.23 56.4699 
-4134.61 56.6057 
-4129 56.7583 
-4123.39 56.867 
-4117.78 56.8964 
-4112.17 56.8083 
-4106.56 56.6077 
-4100.95 56.3489 
-4095.34 56.059 
-4089.72 55.7569 
-4084.11 55.4567 
-4078.5 55.1517 
-4072.89 54.8387 
-4067.28 54.5424 
-4061.67 54.254 
-4056.06 53.9475 
-4050.44 53.6203 
-4044.83 53.2792 
-4039.22 52.9239 
-4033.61 52.5883 
-4028 52.2956 
-4022.39 52.021 
-4016.78 51.7458 
-4011.17 51.4573 
-4005.55 51.1841 
-3999.94 50.9675 
-3994.33 50.7302 
-3988.72 50.4932 
-3983.11 50.2365 
-3977.5 49.977 
-3971.89 49.6924 
-3966.28 49.4162 
-3960.66 49.1325 
-3955.05 48.8409 
-3949.44 48.5817 
-3943.83 48.3959 
-3938.22 48.3179 
-3932.61 48.2819 
-3927 48.2374 
-3921.38 48.1992 
-3915.77 48.1315 
-3910.16 48.0572 
-3904.55 47.9698 
-3898.94 47.9122 
-3893.33 47.8858 
-3887.72 47.8513 
-3882.11 47.8417 
-3876.49 47.8621 
-3870.88 47.8481 
-3865.27 47.7664 
-3859.66 47.6801 
-3854.05 47.558 
-3848.44 47.3974 
-3842.83 47.1927 
-3837.22 46.9803 
-3831.6 46.8177 
-3825.99 46.6735 
-3820.38 46.5332 
-3814.77 46.3874 
-3809.16 46.268 
-3803.55 46.1487 
-3797.94 46.0257 
-3792.32 45.951 
-3786.71 45.9155 
-3781.1 45.918 
-3775.49 45.9161 
-3769.88 45.9075 
-3764.27 45.8908 
-3758.66 45.8381 
-3753.05 45.8078 
-3747.43 45.7945 
-3741.82 45.7585 
-3736.21 45.7044 
-3730.6 45.6486 
-3724.99 45.6301 
-3719.38 45.6462 
-3713.77 45.6895 
-3708.16 45.7712 
-3702.54 45.901 
-3696.93 46.0187 
-3691.32 46.1738 
-3685.71 46.3202 
-3680.1 46.433 
-3674.49 46.4932 
-3668.88 46.5146 
-3663.26 46.5034 
-3657.65 46.5036 
-3652.04 46.5241 
-3646.43 46.5497 
-3640.82 46.5459 
-3635.21 46.5422 
-3629.6 46.5399 
-3623.99 46.5231 
-3618.37 46.4933 
-3612.76 46.4697 
-3607.15 46.4564 
-3601.54 46.4458 
-3595.93 46.444 
-3590.32 46.4118 
-3584.71 46.3907 
-3579.1 46.3693 
-3573.48 46.3457 
-3567.87 46.3132 
-3562.26 46.2832 
-3556.65 46.2382 
-3551.04 46.1783 
-3545.43 46.1363 
-3539.82 46.1094 
-3534.21 46.123 
-3528.59 46.1191 
-3522.98 46.0846 
-3517.37 46.0244 
-3511.76 45.9675 
-3506.15 45.8835 
-3500.54 45.7984 
-3494.93 45.7076 
-3489.31 45.602 
-3483.7 45.5037 
-3478.09 45.4053 
-3472.48 45.3082 
-3466.87 45.2218 
-3461.26 45.149 
-3455.65 45.0828 
-3450.04 45.0559 
-3444.42 45.0377 
-3438.81 45.0355 
-3433.2 45.0388 
-3427.59 45.0351 
-3421.98 45.0182 
-3416.37 44.9689 
-3410.76 44.9147 
-3405.15 44.8694 
-3399.53 44.8146 
-3393.92 44.7727 
-3388.31 44.7555 
-3382.7 44.7581 
-3377.09 44.7849 
-3371.48 44.8331 
-3365.87 44.8574 
-3360.25 44.8844 
-3354.64 44.9452 
-3349.03 45.0049 
-3343.42 45.0544 
-3337.81 45.1338 
-3332.2 45.2029 
-3326.59 45.2676 
-3320.98 45.3038 
-3315.36 45.3232 
-3309.75 45.3228 
-3304.14 45.274 
-3298.53 45.2075 
-3292.92 45.1332 
-3287.31 45.0552 
-3281.7 44.9533 
-3276.09 44.8218 
-3270.47 44.6695 
-3264.86 44.5596 
-3259.25 44.4769 
-3253.64 44.4404 
-3248.03 44.4423 
-3242.42 44.4449 
-3236.81 44.4564 
-3231.19 44.4886 
-3225.58 44.5146 
-3219.97 44.531 
-3214.36 44.5614 
-3208.75 44.6114 
-3203.14 44.6314 
-3197.53 44.6403 
-3191.92 44.6166 
-3186.3 44.5612 
-3180.69 44.4769 
-3175.08 44.3828 
-3169.47 44.2747 
-3163.86 44.1761 
-3158.25 44.0958 
-3152.64 44.0209 
-3147.03 43.9608 
-3141.41 43.8998 
-3135.8 43.8542 
-3130.19 43.8159 
-3124.58 43.7838 
-3118.97 43.7593 
-3113.36 43.7307 
-3107.75 43.7273 
-3102.14 43.7389 
-3096.52 43.7873 
-3090.91 43.8443 
-3085.3 43.8645 
-3079.69 43.8683 
-3074.08 43.8475 
-3068.47 43.7981 
-3062.86 43.7356 
-3057.24 43.6437 
-3051.63 43.5294 
-3046.02 43.4345 
-3040.41 43.3133 
-3034.8 43.1684 
-3029.19 43.0257 
-3023.58 42.8825 
-3017.97 42.721 
-3012.35 42.5497 
-3006.74 42.3574 
-3001.13 42.1627 
-2995.52 41.9584 
-2989.91 41.8121 
-2984.3 41.7121 
-2978.69 41.6182 
-2973.08 41.5053 
-2967.46 41.392 
-2961.85 41.286 
-2956.24 41.2061 
-2950.63 41.142 
-2945.02 41.0585 
-2939.41 40.9731 
-2933.8 40.9017 
-2928.18 40.8458 
-2922.57 40.832 
-2916.96 40.8399 
-2911.35 40.894 
-2905.74 40.9349 
-2900.13 40.9467 
-2894.52 40.9348 
-2888.91 40.896 
-2883.29 40.8518 
-2877.68 40.7986 
-2872.07 40.725 
-2866.46 40.6251 
-2860.85 40.6024 
-2855.24 40.5595 
-2849.63 40.5358 
-2844.02 40.5013 
-2838.4 40.4693 
-2832.79 40.4501 
-2827.18 40.4302 
-2821.57 40.4214 
-2815.96 40.4085 
-2810.35 40.4093 
-2804.74 40.4194 
-2799.12 40.4543 
-2793.51 40.5128 
-2787.9 40.5511 
-2782.29 40.5893 
-2776.68 40.6076 
-2771.07 40.6418 
-2765.46 40.6885 
-2759.85 40.7396 
-2754.23 40.7837 
-2748.62 40.8456 
-2743.01 40.9255 
-2737.4 41.0059 
-2731.79 41.0849 
-2726.18 41.1555 
-2720.57 41.2078 
-2714.96 41.2457 
-2709.34 41.2807 
-2703.73 41.3224 
-2698.12 41.3629 
-2692.51 41.4207 
-2686.9 41.4782 
-2681.29 41.516 
-2675.68 41.5275 
-2670.06 41.5183 
-2664.45 41.5059 
-2658.84 41.4971 
-2653.23 41.5029 
-2647.62 41.5111 
-2642.01 41.516 
-2636.4 41.5371 
-2630.79 41.5775 
-2625.17 41.6232 
-2619.56 41.6396 
-2613.95 41.6329 
-2608.34 41.6077 
-2602.73 41.6188 
-2597.12 41.6815 
-2591.51 41.7505 
-2585.9 41.8447 
-2580.28 41.9321 
-2574.67 42.0317 
-2569.06 42.147 
-2563.45 42.2406 
-2557.84 42.3068 
-2552.23 42.3931 
-2546.62 42.5118 
-2541.01 42.6278 
-2535.39 42.7629 
-2529.78 42.9334 
-2524.17 43.0957 
-2518.56 43.2175 
-2512.95 43.3459 
-2507.34 43.475 
-2501.73 43.5678 
-2496.11 43.6491 
-2490.5 43.7356 
-2484.89 43.8111 
-2479.28 43.8396 
-2473.67 43.839 
-2468.06 43.8143 
-2462.45 43.7281 
-2456.84 43.6347 
-2451.22 43.5623 
-2445.61 43.5072 
-2440 43.4283 
-2434.39 43.3983 
-2428.78 43.4088 
-2423.17 43.4762 
-2417.56 43.6207 
-2411.95 43.7916 
-2406.33 43.9281 
-2400.72 44.0432 
-2395.11 44.109 
-2389.5 44.1174 
-2383.89 44.142 
-2378.28 44.1519 
-2372.67 44.1906 
-2367.05 44.2241 
-2361.44 44.2162 
-2355.83 44.1952 
-2350.22 44.1568 
-2344.61 44.085 
-2339 44.0159 
-2333.39 43.9833 
-2327.78 43.9625 
-2322.16 43.9761 
-2316.55 44.0103 
-2310.94 44.0958 
-2305.33 44.2362 
-2299.72 44.4278 
-2294.11 44.6701 
-2288.5 44.9544 
-2282.89 45.2483 
-2277.27 45.5281 
-2271.66 45.8117 
-2266.05 46.1105 
-2260.44 46.3865 
-2254.83 46.6052 
-2249.22 46.7509 
-2243.61 46.8642 
-2237.99 46.9997 
-2232.38 47.1355 
-2226.77 47.2927 
-2221.16 47.4729 
-2215.55 47.6287 
-2209.94 47.7646 
-2204.33 47.8799 
-2198.72 47.9554 
-2193.1 47.9933 
-2187.49 48.0463 
-2181.88 48.121 
-2176.27 48.1939 
-2170.66 48.3082 
-2165.05 48.4264 
-2159.44 48.5283 
-2153.83 48.6222 
-2148.21 48.6915 
-2142.6 48.7461 
-2136.99 48.8146 
-2131.38 48.8653 
-2125.77 48.8859 
-2120.16 48.896 
-2114.55 48.9223 
-2108.93 48.9596 
-2103.32 48.9799 
-2097.71 48.9944 
-2092.1 49.0062 
-2086.49 49.0242 
-2080.88 49.0482 
-2075.27 49.0846 
-2069.66 49.1142 
-2064.04 49.1124 
-2058.43 49.1188 
-2052.82 49.1529 
-2047.21 49.2153 
-2041.6 49.2817 
-2035.99 49.3267 
-2030.38 49.3728 
-2024.77 49.4316 
-2019.15 49.509 
-2013.54 49.6309 
-2007.93 49.7948 
-2002.32 49.9461 
-1996.71 50.0587 
-1991.1 50.1498 
-1985.49 50.2261 
-1979.88 50.2653 
-1974.26 50.2891 
-1968.65 50.3279 
-1963.04 50.3644 
-1957.43 50.356 
-1951.82 50.3014 
-1946.21 50.2441 
-1940.6 50.183 
-1934.98 50.0931 
-1929.37 49.977 
-1923.76 49.8566 
-1918.15 49.7273 
-1912.54 49.6055 
-1906.93 49.5155 
-1901.32 49.443 
-1895.71 49.3946 
-1890.09 49.3652 
-1884.48 49.3435 
-1878.87 49.3445 
-1873.26 49.3353 
-1867.65 49.3094 
-1862.04 49.2743 
-1856.43 49.2508 
-1850.82 49.2417 
-1845.2 49.183 
-1839.59 49.0758 
-1833.98 48.9339 
-1828.37 48.7998 
-1822.76 48.716 
-1817.15 48.6491 
-1811.54 48.5973 
-1805.92 48.5598 
-1800.31 48.485 
-1794.7 48.341 
-1789.09 48.1927 
-1783.48 48.0337 
-1777.87 47.8934 
-1772.26 47.8121 
-1766.65 47.7782 
-1761.03 47.7673 
-1755.42 47.7814 
-1749.81 47.8237 
-1744.2 47.901 
-1738.59 47.953 
-1732.98 47.9423 
-1727.37 47.9524 
-1721.76 47.9812 
-1716.14 48.0375 
-1710.53 48.1435 
-1704.92 48.277 
-1699.31 48.3677 
-1693.7 48.3977 
-1688.09 48.4078 
-1682.48 48.3809 
-1676.86 48.3372 
-1671.25 48.2772 
-1665.64 48.2089 
-1660.03 48.1788 
-1654.42 48.133 
-1648.81 48.0817 
-1643.2 48.0014 
-1637.59 47.9773 
-1631.97 47.9755 
-1626.36 47.9753 
-1620.75 47.967 
-1615.14 47.9133 
-1609.53 47.8801 
-1603.92 47.8495 
-1598.31 47.815 
-1592.7 47.7859 
-1587.08 47.7655 
-1581.47 47.7295 
-1575.86 47.6778 
-1570.25 47.6106 
-1564.64 47.5677 
-1559.03 47.518 
-1553.42 47.4968 
-1547.8 47.4987 
-1542.19 47.4845 
-1536.58 47.4511 
-1530.97 47.437 
-1525.36 47.4823 
-1519.75 47.5682 
-1514.14 47.6654 
-1508.53 47.7278 
-1502.91 47.7802 
-1497.3 47.8368 
-1491.69 47.8428 
-1486.08 47.81 
-1480.47 47.7443 
-1474.86 47.6367 
-1469.25 47.5241 
-1463.64 47.374 
-1458.02 47.1844 
-1452.41 46.9776 
-1446.8 46.7918 
-1441.19 46.5958 
-1435.58 46.3574 
-1429.97 46.075 
-1424.36 45.7499 
-1418.75 45.4174 
-1413.13 45.0814 
-1407.52 44.7257 
-1401.91 44.3627 
-1396.3 44.0072 
-1390.69 43.6754 
-1385.08 43.3963 
-1379.47 43.1364 
-1373.85 42.9102 
-1368.24 42.7038 
-1362.63 42.5046 
-1357.02 42.355 
-1351.41 42.2248 
-1345.8 42.1213 
-1340.19 42.039 
-1334.58 41.9947 
-1328.96 42.0355 
-1323.35 42.1508 
-1317.74 42.3304 
-1312.13 42.5415 
-1306.52 42.7318 
-1300.91 42.8906 
-1295.3 43.0311 
-1289.69 43.2766 
-1284.07 43.5702 
-1278.46 43.9473 
-1272.85 44.3334 
-1267.24 44.7514 
-1261.63 45.223 
-1256.02 45.7451 
-1250.41 46.2525 
-1244.79 46.6973 
-1239.18 47.0843 
-1233.57 47.4113 
-1227.96 47.723 
-1222.35 47.9879 
-1216.74 48.2616 
-1211.13 48.5138 
-1205.52 48.7479 
-1199.9 48.9106 
-1194.29 49.054 
-1188.68 49.1546 
-1183.07 49.2364 
-1177.46 49.3221 
-1171.85 49.4207 
-1166.24 49.5273 
-1160.63 49.6212 
-1155.01 49.7324 
-1149.4 49.8581 
-1143.79 50.0008 
-1138.18 50.1289 
-1132.57 50.2371 
-1126.96 50.3468 
-1121.35 50.4764 
-1115.73 50.5408 
-1110.12 50.5902 
-1104.51 50.6746 
-1098.9 50.7063 
-1093.29 50.7311 
-1087.68 50.7849 
-1082.07 50.8508 
-1076.46 50.9265 
-1070.84 51.0377 
-1065.23 51.1664 
-1059.62 51.2901 
-1054.01 51.4269 
-1048.4 51.5859 
-1042.79 51.7259 
-1037.18 51.8432 
-1031.57 51.9725 
-1025.95 52.0704 
-1020.34 52.206 
-1014.73 52.4043 
-1009.12 52.6116 
-1003.51 52.8084 
-997.897 52.9665 
-992.286 53.1139 
-986.675 53.2826 
-981.064 53.4692 
-975.452 53.6573 
-969.841 53.8257 
-964.23 53.9856 
-958.618 54.1554 
-953.007 54.3367 
-947.396 54.502 
-941.785 54.7165 
-936.173 54.9425 
-930.562 55.1346 
-924.951 55.2962 
-919.339 55.429 
-913.728 55.5722 
-908.117 55.7035 
-902.505 55.8577 
-896.894 56.0004 
-891.283 56.1393 
-885.672 56.2946 
-880.06 56.3549 
-874.449 56.3455 
-868.838 56.4267 
-863.226 56.5765 
-857.615 56.7835 
-852.004 56.9931 
-846.392 57.1552 
-840.781 57.2838 
-835.17 57.3757 
-829.558 57.4939 
-823.947 57.643 
-818.336 57.8075 
-812.725 57.9742 
-807.113 58.1288 
-801.502 58.2915 
-795.891 58.4925 
-790.279 58.6795 
-784.668 58.8782 
-779.057 59.1041 
-773.446 59.3455 
-767.834 59.5378 
-762.223 59.7255 
-756.612 59.9128 
-751 60.0465 
-745.389 60.1373 
-739.778 60.21 
-734.166 60.294 
-728.555 60.3869 
-722.944 60.4787 
-717.333 60.5669 
-711.721 60.653 
-706.11 60.7142 
-700.499 60.7257 
-694.887 60.688 
-689.276 60.6217 
-683.665 60.5735 
-678.053 60.5374 
-672.442 60.4674 
-666.831 60.4172 
-661.219 60.4052 
-655.608 60.433 
-649.997 60.4783 
-644.386 60.5214 
-638.774 60.5548 
-633.163 60.5602 
-627.552 60.5476 
-621.94 60.5398 
-616.329 60.4968 
-610.718 60.4478 
-605.107 60.3757 
-599.495 60.2895 
-593.884 60.2075 
-588.273 60.141 
-582.661 60.0763 
-577.05 60.0114 
-571.439 59.9223 
-565.827 59.8258 
-560.216 59.7419 
-554.605 59.6596 
-548.994 59.5589 
-543.382 59.4429 
-537.771 59.2999 
-532.16 59.1612 
-526.548 59.0503 
-520.937 58.9623 
-515.326 58.9165 
-509.714 58.9233 
-504.103 58.9616 
-498.492 59.0388 
-492.88 59.1506 
-487.269 59.2543 
-481.658 59.3453 
-476.047 59.4324 
-470.435 59.5098 
-464.824 59.6082 
-459.213 59.728 
-453.601 59.8916 
-447.99 60.0526 
-442.379 60.1175 
-436.768 60.0623 
-431.156 59.9667 
-425.545 59.7893 
-419.934 59.574 
-414.322 59.3379 
-408.711 59.0985 
-403.1 58.8524 
-397.488 58.5768 
-391.877 58.2752 
-386.266 57.9494 
-380.655 57.5597 
-375.043 57.207 
-369.432 56.9749 
-363.821 56.803 
-358.209 56.6401 
-352.598 56.4796 
-346.987 56.3391 
-341.375 56.1586 
-335.764 55.9724 
-330.153 55.8838 
-324.541 55.8301 
-318.93 55.7148 
-313.319 55.5527 
-307.708 55.4131 
-302.096 55.2865 
-296.485 55.1712 
-290.874 55.0837 
-285.262 55.0069 
-279.651 54.9085 
-274.04 54.821 
-268.429 54.763 
-262.817 54.7347 
-257.206 54.7398 
-251.595 54.7771 
-245.983 54.7935 
-240.372 54.7631 
-234.761 54.694 
-229.149 54.6553 
-223.538 54.6121 
-217.927 54.6078 
-212.316 54.6291 
-206.704 54.6925 
-201.093 54.7251 
-195.482 54.7046 
-189.87 54.6246 
-184.259 54.5634 
-178.648 54.5392 
-173.036 54.5431 
-167.425 54.5105 
-161.814 54.4232 
-156.202 54.2684 
-150.591 54.1364 
-144.98 54.0224 
-139.369 53.8771 
-133.757 53.7771 
-128.146 53.697 
-122.535 53.6231 
-116.923 53.5627 
-111.312 53.4626 
-105.701 53.3528 
-100.09 53.2537 
-94.4782 53.1428 
-88.8669 53.061 
-83.2556 52.9118 
-77.6443 52.7223 
-72.033 52.5101 
-66.4217 52.3296 
-60.8104 52.1705 
-55.1991 52.082 
-49.5878 52.0433 
-43.9765 51.9846 
-38.3652 51.9118 
-32.7539 51.8395 
-27.1426 51.7172 
-21.5313 51.6079 
-15.92 51.5487 
-10.3087 51.5061 
-4.6974 51.5165 
0.9139 51.5516 
6.5252 51.5961 
12.1365 51.6142 
17.7478 51.6162 
23.3591 51.6039 
28.9704 51.6187 
34.5817 51.6784 
40.193 51.7352 
45.8043 51.7831 
51.4156 51.8267 
57.0269 51.8529 
62.6382 51.8425 
68.2495 51.801 
73.8608 51.7587 
79.4721 51.7296 
85.0834 51.7374 
90.6947 51.7123 
96.306 51.6649 
101.917 51.6553 
107.529 51.6506 
113.14 51.6696 
118.751 51.686 
124.362 51.7188 
129.974 51.773 
135.585 51.8198 
141.196 51.8817 
146.808 51.9473 
152.419 52.0328 
158.03 52.1003 
163.642 52.1395 
169.253 52.1507 
174.864 52.1727 
180.476 52.1962 
186.087 52.2373 
191.698 52.2917 
197.309 52.3426 
202.921 52.3796 
208.532 52.4489 
214.143 52.5259 
219.755 52.6295 
225.366 52.791 
230.977 52.9464 
236.588 53.0599 
242.2 53.1237 
247.811 53.1659 
253.422 53.1833 
259.034 53.1881 
264.645 53.189 
270.256 53.199 
275.868 53.2124 
281.479 53.2243 
287.09 53.2242 
292.701 53.2312 
298.313 53.2166 
303.924 53.1336 
309.535 53.0309 
315.147 52.9141 
320.758 52.7956 
326.369 52.679 
331.981 52.5689 
337.592 52.4506 
343.203 52.3452 
348.815 52.2841 
354.426 52.2202 
360.037 52.1509 
365.648 52.0736 
371.26 52.0135 
376.871 52.003 
382.482 52.0255 
388.094 52.049 
393.705 52.0444 
399.316 52.0241 
404.927 51.9916 
410.539 51.9243 
416.15 51.8576 
421.761 51.7747 
427.373 51.7198 
432.984 51.66 
438.595 51.5866 
444.207 51.5086 
449.818 51.4241 
455.429 51.3416 
461.04 51.263 
466.652 51.2005 
472.263 51.1249 
477.874 51.0405 
483.486 50.949 
489.097 50.8677 
494.708 50.7853 
500.32 50.7061 
505.931 50.6294 
511.542 50.5466 
517.154 50.4417 
522.765 50.3346 
528.376 50.2411 
533.987 50.1464 
539.599 50.0586 
545.21 49.9889 
550.821 49.9667 
556.433 49.9902 
562.044 50.0701 
567.655 50.161 
573.266 50.2626 
578.878 50.349 
584.489 50.4341 
590.1 50.5424 
595.712 50.678 
601.323 50.7883 
606.934 50.876 
612.546 50.9701 
618.157 51.0431 
623.768 51.0702 
629.379 51.1089 
634.991 51.1474 
640.602 51.16 
646.213 51.1794 
651.825 51.1647 
657.436 51.1036 
663.047 51.1198 
668.659 51.1959 
674.27 51.3041 
679.881 51.4214 
685.493 51.5054 
691.104 51.5332 
696.715 51.571 
702.326 51.6114 
707.938 51.6475 
713.549 51.6482 
719.16 51.6184 
724.772 51.5866 
730.383 51.5873 
735.994 51.5938 
741.605 51.6132 
747.217 51.6338 
752.828 51.6593 
758.439 51.6961 
764.051 51.7632 
769.662 51.8437 
775.273 51.9217 
780.885 51.9879 
786.496 52.0065 
792.107 52.013 
797.718 52.0147 
803.33 52.0134 
808.941 52.0003 
814.552 51.9623 
820.164 51.8942 
825.775 51.8002 
831.386 51.6835 
836.998 51.5645 
842.609 51.4541 
848.22 51.3315 
853.832 51.2571 
859.443 51.2263 
865.054 51.2093 
870.665 51.2063 
876.277 51.158 
881.888 51.0967 
887.499 51.0738 
893.111 51.1067 
898.722 51.1679 
904.333 51.2229 
909.944 51.2394 
915.556 51.1572 
921.167 51.0803 
926.778 51.0053 
932.39 50.9136 
938.001 50.7881 
943.612 50.6251 
949.224 50.4744 
954.835 50.338 
960.446 50.2111 
966.057 50.1412 
971.669 50.1162 
977.28 50.0905 
982.891 50.066 
988.503 50.0425 
994.114 49.9841 
999.725 49.9506 
1005.34 49.9143 
1010.95 49.8924 
1016.56 49.871 
1022.17 49.8302 
1027.78 49.782 
1033.39 49.6986 
1039 49.5908 
1044.62 49.5202 
1050.23 49.4794 
1055.84 49.4535 
1061.45 49.4313 
1067.06 49.4359 
1072.67 49.4519 
1078.28 49.4562 
1083.89 49.4613 
1089.51 49.453 
1095.12 49.4528 
1100.73 49.4571 
1106.34 49.4967 
1111.95 49.5276 
1117.56 49.553 
1123.17 49.5711 
1128.79 49.588 
1134.4 49.6004 
1140.01 49.5987 
1145.62 49.5658 
1151.23 49.5191 
1156.84 49.4632 
1162.45 49.438 
1168.06 49.4156 
1173.68 49.3972 
1179.29 49.406 
1184.9 49.4138 
1190.51 49.4119 
1196.12 49.3847 
1201.73 49.374 
1207.34 49.3557 
1212.95 49.3364 
1218.57 49.3198 
1224.18 49.3028 
1229.79 49.2882 
1235.4 49.2545 
1241.01 49.1863 
1246.62 49.1245 
1252.23 49.088 
1257.85 49.0547 
1263.46 49.0266 
1269.07 48.9745 
1274.68 48.9286 
1280.29 48.8896 
1285.9 48.8603 
1291.51 48.8219 
1297.12 48.7592 
1302.74 48.6824 
1308.35 48.6267 
1313.96 48.5906 
1319.57 48.5473 
1325.18 48.4876 
1330.79 48.4279 
1336.4 48.3658 
1342.01 48.3114 
1347.63 48.2674 
1353.24 48.2187 
1358.85 48.194 
1364.46 48.194 
1370.07 48.2378 
1375.68 48.2948 
1381.29 48.3326 
1386.9 48.2988 
1392.52 48.3226 
1398.13 48.3714 
1403.74 48.4046 
1409.35 48.4161 
1414.96 48.4319 
1420.57 48.4781 
1426.18 48.5116 
1431.8 48.5169 
1437.41 48.5092 
1443.02 48.4703 
1448.63 48.4288 
1454.24 48.417 
1459.85 48.4128 
1465.46 48.4182 
1471.07 48.4494 
1476.69 48.488 
1482.3 48.5164 
1487.91 48.5237 
1493.52 48.5079 
1499.13 48.5101 
1504.74 48.513 
1510.35 48.5018 
1515.96 48.5094 
1521.58 48.5095 
1527.19 48.5589 
1532.8 48.5793 
1538.41 48.5825 
1544.02 48.5795 
1549.63 48.5844 
1555.24 48.574 
1560.86 48.6076 
1566.47 48.6424 
1572.08 48.6192 
1577.69 48.5889 
1583.3 48.5575 
1588.91 48.5013 
1594.52 48.4552 
1600.13 48.3845 
1605.75 48.289 
1611.36 48.1862 
1616.97 48.0856 
1622.58 47.9651 
1628.19 47.8595 
1633.8 47.7999 
1639.41 47.7029 
1645.02 47.57 
1650.64 47.4445 
1656.25 47.3183 
1661.86 47.2084 
1667.47 47.0778 
1673.08 46.9154 
1678.69 46.7377 
1684.3 46.6001 
1689.92 46.4929 
1695.53 46.3653 
1701.14 46.2215 
1706.75 46.0929 
1712.36 46.0292 
1717.97 46.0034 
1723.58 46.0415 
1729.19 46.1127 
1734.81 46.1497 
1740.42 46.2086 
1746.03 46.3299 
1751.64 46.4788 
1757.25 46.5972 
1762.86 46.7042 
1768.47 46.8338 
1774.08 46.9919 
1779.7 47.1904 
1785.31 47.3802 
1790.92 47.533 
1796.53 47.6903 
1802.14 47.8596 
1807.75 47.9803 
1813.36 48.0944 
1818.98 48.2173 
1824.59 48.3049 
1830.2 48.3343 
1835.81 48.3403 
1841.42 48.3302 
1847.03 48.331 
1852.64 48.3157 
1858.25 48.2658 
1863.87 48.214 
1869.48 48.1509 
1875.09 48.0794 
1880.7 48.0306 
1886.31 48.0094 
1891.92 47.9956 
1897.53 47.9794 
1903.14 47.9412 
1908.76 47.9376 
1914.37 47.9361 
1919.98 47.8925 
1925.59 47.8287 
1931.2 47.7562 
1936.81 47.7221 
1942.42 47.6909 
1948.03 47.6735 
1953.65 47.655 
1959.26 47.6361 
1964.87 47.5994 
1970.48 47.5842 
1976.09 47.616 
1981.7 47.6386 
1987.31 47.6546 
1992.93 47.7129 
1998.54 47.7893 
2004.15 47.8928 
