# Supplementary material - Table S3
# Time (yrs) D (o) Dmin (o) Dmax (o) I (o) Imin (o) Imax (o) F (micro T) Fmin (micro T) Fmax (micro T)
# Table S3. New Hawaiian secular variation curves for the last 10 000 years obtained
# after Bayesian modeling. Data selected every 50 years. 
-8000 -16.4 -38.5 5.7 49.8 35.6 64.1 38.2 30.6 45.7
-7950 -15.4 -34.9 4.1 48.9 36.0 61.7 38.0 30.4 45.6
-7900 -14.1 -31.0 2.8 47.6 36.2 59.0 37.8 30.3 45.4
-7850 -12.5 -26.8 1.8 46.0 36.0 55.9 37.7 30.1 45.2
-7800 -10.6 -22.5 1.3 44.1 35.5 52.6 37.5 29.9 45.0
-7750 -8.6 -18.5 1.3 41.8 34.4 49.2 37.3 29.7 44.8
-7700 -6.6 -14.9 1.7 39.1 32.7 45.6 37.1 29.5 44.6
-7650 -4.8 -12.0 2.5 36.2 30.3 42.0 36.9 29.3 44.4
-7600 -3.6 -10.1 3.0 33.1 27.6 38.6 36.6 29.1 44.2
-7550 -2.9 -9.0 3.3 30.2 24.9 35.5 36.4 28.9 43.9
-7500 -2.2 -8.1 3.8 27.9 22.7 33.2 36.2 28.7 43.6
-7450 -1.0 -6.9 4.8 26.7 21.5 32.0 35.9 28.5 43.3
-7400 0.6 -5.3 6.5 26.7 21.5 32.0 35.6 28.3 42.9
-7350 2.2 -3.8 8.3 27.8 22.5 33.2 35.3 28.1 42.5
-7300 3.3 -3.2 9.7 29.8 24.3 35.4 35.0 28.0 42.1
-7250 3.2 -3.8 10.2 32.6 26.8 38.5 34.7 27.8 41.7
-7200 2.0 -5.5 9.5 35.9 29.9 42.0 34.4 27.6 41.2
-7150 0.1 -7.7 7.9 39.3 33.2 45.3 34.1 27.4 40.7
-7100 -1.7 -9.4 6.1 42.1 36.3 47.8 33.7 27.3 40.1
-7050 -2.8 -10.3 4.8 44.0 38.6 49.4 33.3 27.1 39.5
-7000 -3.1 -10.5 4.3 45.0 39.8 50.2 32.9 26.9 38.9
-6950 -3.0 -10.5 4.4 45.3 40.1 50.5 32.5 26.8 38.3
-6900 -2.8 -10.4 4.7 45.0 39.6 50.3 32.1 26.6 37.6
-6850 -2.6 -10.3 5.1 44.1 38.6 49.7 31.7 26.4 36.9
-6800 -2.4 -10.0 5.2 42.8 37.3 48.4 31.2 26.2 36.2
-6750 -2.2 -9.5 5.0 41.2 35.7 46.7 30.7 26.0 35.4
-6700 -1.9 -8.8 4.9 39.3 34.0 44.6 30.3 25.8 34.7
-6650 -1.5 -8.4 5.4 37.2 31.7 42.7 29.8 25.5 34.0
-6600 -1.0 -8.3 6.3 35.0 29.0 41.0 29.3 25.2 33.4
-6550 -0.4 -7.9 7.2 32.9 26.6 39.2 28.8 24.7 32.9
-6500 0.2 -7.2 7.7 31.0 24.5 37.4 28.4 24.2 32.5
-6450 0.8 -6.2 7.9 29.3 23.1 35.4 27.9 23.7 32.2
-6400 1.3 -5.1 7.7 27.8 22.2 33.5 27.6 23.1 32.1
-6350 1.8 -3.9 7.5 26.8 21.7 31.8 27.2 22.4 32.0
-6300 2.2 -2.9 7.3 26.0 21.4 30.6 26.9 21.9 31.9
-6250 2.5 -2.2 7.2 25.6 21.4 29.9 26.7 21.4 31.9
-6200 2.7 -2.0 7.3 25.7 21.5 29.8 26.5 21.0 31.9
-6150 2.8 -2.0 7.6 26.0 21.7 30.4 26.4 20.7 32.0
-6100 2.8 -2.4 8.0 26.8 22.1 31.4 26.3 20.5 32.1
-6050 2.8 -2.9 8.5 27.8 22.8 32.9 26.3 20.4 32.2
-6000 2.7 -3.5 8.8 29.2 23.9 34.6 26.4 20.4 32.4
-5950 2.5 -4.1 9.0 30.9 25.3 36.5 26.5 20.4 32.6
-5900 2.2 -4.7 9.1 32.8 27.0 38.6 26.7 20.5 32.9
-5850 1.9 -5.3 9.0 34.9 29.0 40.7 26.9 20.7 33.2
-5800 1.5 -5.8 8.8 37.1 31.3 42.9 27.2 20.9 33.5
-5750 1.0 -6.4 8.4 39.4 33.7 45.1 27.5 21.2 33.9
-5700 0.6 -6.8 7.9 41.7 36.2 47.2 27.9 21.5 34.3
-5650 0.0 -7.3 7.4 44.0 38.7 49.3 28.3 21.8 34.7
-5600 -0.5 -7.7 6.7 46.2 41.2 51.2 28.7 22.2 35.1
-5550 -1.0 -8.0 6.0 48.3 43.6 52.9 29.1 22.6 35.5 
-5500 -1.5 -8.3 5.2 50.1 45.8 54.4 29.5 23.1 36.0
-5450 -2.0 -8.5 4.5 51.8 47.8 55.8 30.0 23.5 36.5
-5400 -2.4 -8.6 3.8 53.1 49.4 56.9 30.4 23.9 36.9
-5350 -2.7 -8.6 3.3 54.2 50.7 57.7 30.9 24.4 37.4
-5300 -2.8 -8.6 3.0 54.9 51.6 58.3 31.3 24.9 37.8
-5250 -2.7 -8.4 2.9 55.3 52.1 58.5 31.8 25.3 38.3
-5200 -2.5 -8.0 3.0 55.3 52.1 58.4 32.2 25.8 38.7
-5150 -2.1 -7.5 3.3 54.9 51.7 58.0 32.7 26.2 39.1
-5100 -1.5 -6.9 3.9 54.1 50.9 57.3 33.1 26.6 39.5
-5050 -0.8 -6.2 4.5 52.9 49.7 56.2 33.4 27.0 39.9
-5000 -0.1 -5.5 5.3 51.5 48.1 54.9 33.8 27.4 40.2
-4950 0.7 -4.7 6.2 49.8 46.3 53.3 34.1 27.7 40.5
-4900 1.5 -4.0 7.0 47.9 44.2 51.6 34.4 28.0 40.8
-4850 2.2 -3.3 7.8 45.9 42.0 49.7 34.6 28.3 41.0
-4800 2.9 -2.5 8.4 43.8 39.9 47.8 34.8 28.5 41.1
-4750 3.6 -1.7 8.9 41.8 37.8 45.7 35.0 28.7 41.2
-4700 4.1 -0.9 9.1 39.8 35.9 43.6 35.0 28.8 41.3
-4650 4.6 0.0 9.2 38.0 34.3 41.6 35.0 28.8 41.3
-4600 4.9 0.8 9.0 36.3 33.0 39.6 35.0 28.8 41.2
-4550 5.2 1.5 8.9 34.9 31.9 37.9 34.9 28.7 41.1
-4500 5.4 2.1 8.7 33.7 31.0 36.4 34.7 28.5 40.9
-4450 5.5 2.4 8.6 32.7 30.1 35.2 34.5 28.2 40.7
-4400 5.5 2.5 8.6 31.8 29.2 34.4 34.2 28.0 40.4
-4350 5.5 2.4 8.7 31.0 28.3 33.7 33.8 27.7 40.0
-4300 5.5 2.1 8.8 30.3 27.4 33.2 33.5 27.4 39.6
-4250 5.4 1.8 8.9 29.7 26.6 32.8 33.2 27.1 39.3
-4200 5.2 1.5 9.0 29.2 25.9 32.4 32.9 26.9 39.0
-4150 5.1 1.3 8.8 28.7 25.4 32.0 32.8 26.7 38.9
-4100 4.9 1.3 8.5 28.4 25.2 31.5 32.8 26.7 38.8
-4050 4.7 1.4 7.9 28.1 25.3 31.0 32.9 26.9 38.9
-4000 4.4 1.7 7.2 28.0 25.6 30.5 33.2 27.2 39.2
-3950 4.1 1.7 6.6 28.1 25.9 30.2 33.8 27.9 39.7
-3900 3.6 0.4 6.8 28.2 25.4 31.1 34.6 28.7 40.6
-3850 2.6 -2.0 7.1 28.5 24.5 32.4 35.7 29.6 41.9
-3800 1.1 -4.7 6.9 28.8 23.7 33.9 37.1 30.5 43.8
-3750 -0.7 -7.6 6.3 29.2 23.2 35.3 38.8 31.3 46.2
-3700 -2.7 -10.5 5.2 29.7 22.9 36.5 40.6 32.1 49.1
-3650 -4.8 -13.3 3.8 30.2 22.9 37.6 42.6 33.0 52.3
-3600 -6.9 -16.0 2.1 30.9 23.1 38.6 44.7 33.9 55.5
-3550 -9.1 -18.4 0.2 31.6 23.6 39.5 46.8 34.9 58.6
-3500 -11.2 -20.6 -1.8 32.3 24.3 40.3 48.8 36.0 61.5
-3450 -13.2 -22.6 -3.7 33.1 25.1 41.0 50.7 37.3 64.1
-3400 -14.9 -24.3 -5.5 33.8 26.0 41.6 52.5 38.6 66.3
-3350 -16.2 -25.5 -6.9 34.6 26.9 42.2 54.1 39.7 68.5
-3300 -17.1 -26.3 -7.8 35.3 27.8 42.9 55.6 40.4 70.8
-3250 -17.3 -26.6 -8.0 36.0 28.5 43.5 56.9 40.5 73.2
-3200 -16.8 -26.1 -7.5 36.6 29.1 44.1 58.0 40.2 75.8
-3150 -15.5 -25.0 -6.0 37.2 29.6 44.7 58.9 39.5 78.3
-3100 -13.4 -23.0 -3.8 37.7 30.1 45.3 59.7 38.7 80.7
-3050 -10.6 -20.2 -0.9 38.1 30.5 45.7 60.3 37.9 82.7
-3000 -7.1 -16.7 2.4 38.4 31.0 45.9 60.7 37.5 83.9
-2950 -3.6 -12.7 5.6 38.8 31.6 45.9 60.9 37.5 84.2
-2900 -0.4 -8.6 7.7 39.2 32.9 45.6 60.8 38.4 83.2
-2850 1.9 -4.5 8.3 40.1 35.2 44.9 60.5 40.1 80.9 
-2800 3.2 -1.1 7.5 40.9 37.7 44.2 59.9 42.3 77.4
-2750 3.3 -0.4 6.9 41.3 38.6 44.1 59.0 44.2 73.8
-2700 1.9 -3.2 7.1 40.9 37.1 44.8 57.8 44.0 71.6
-2650 -0.2 -7.0 6.7 39.7 34.4 45.0 56.4 40.4 72.5
-2600 -2.2 -9.9 5.6 37.6 31.5 43.8 55.1 34.1 76.1
-2550 -3.2 -10.7 4.3 34.8 28.7 41.0 54.1 27.2 81.1
-2500 -3.0 -9.1 3.1 32.0 26.8 37.1 53.6 20.8 86.4
-2450 -1.9 -6.3 2.5 29.7 25.9 33.5 53.6 15.5 91.8
-2400 -0.6 -4.1 2.9 28.5 25.4 31.6 54.2 11.4 96.9
-2350 0.2 -4.0 4.4 28.7 25.0 32.3 55.1 8.5 101.8
-2300 0.4 -4.5 5.2 30.3 26.0 34.5 56.5 6.6 106.4
-2250 0.2 -4.5 4.9 32.6 28.7 36.5 58.2 5.9 110.6
-2200 0.3 -3.2 3.9 34.7 31.8 37.6 60.3 6.0 114.5
-2150 1.3 -1.3 3.8 35.5 33.4 37.6 62.6 7.1 118.0
-2100 2.8 -0.4 6.0 34.5 31.9 37.2 65.1 8.9 121.2
-2050 4.2 1.0 7.4 32.5 29.8 35.2 67.7 11.4 124.0
-2000 4.8 2.4 7.1 31.0 29.0 33.0 70.5 14.5 126.5
-1950 4.6 1.9 7.2 31.4 29.2 33.7 73.4 18.1 128.7
-1900 4.2 1.1 7.2 33.5 31.0 36.0 76.3 22.0 130.5
-1850 4.2 1.9 6.5 35.6 33.8 37.5 79.1 26.2 132.0
-1800 4.9 3.0 6.8 36.8 35.3 38.3 81.9 30.6 133.2
-1750 5.9 3.5 8.2 37.3 35.5 39.2 84.5 35.1 134.0
-1700 6.6 3.7 9.4 37.9 35.6 40.1 87.0 39.5 134.6
-1650 6.4 3.0 9.9 38.3 35.6 41.0 89.3 43.8 134.8
-1600 5.3 1.0 9.7 38.3 34.9 41.7 91.3 47.9 134.7
-1550 3.6 -1.7 8.9 37.4 33.2 41.6 93.0 51.7 134.4
-1500 1.7 -4.2 7.7 35.2 30.3 40.0 94.3 55.0 133.7
-1450 0.0 -5.8 5.9 31.9 26.9 36.9 95.3 57.8 132.7
-1400 -1.2 -6.3 3.8 28.4 24.0 32.8 95.8 60.1 131.4
-1350 -1.8 -5.5 1.9 25.5 22.1 28.8 95.7 61.7 129.8
-1300 -1.3 -3.8 1.2 23.7 21.4 26.0 95.2 62.5 127.9
-1250 0.4 -1.9 2.6 23.1 21.1 25.2 94.0 62.5 125.5
-1200 2.9 0.4 5.3 23.5 21.2 25.7 92.2 61.7 122.7
-1150 5.0 2.3 7.6 24.8 22.4 27.3 89.8 60.1 119.4
-1100 5.4 1.8 8.9 27.6 24.5 30.8 86.6 57.6 115.6
-1050 4.0 0.5 7.4 30.8 27.8 33.8 82.7 54.4 111.0
-1000 2.1 -0.6 4.7 32.3 30.1 34.6 78.1 50.6 105.7
-950 1.0 -2.7 4.6 31.2 28.1 34.3 73.0 46.4 99.5
-900 0.7 -3.9 5.4 28.2 24.1 32.3 67.3 42.2 92.5
-850 1.1 -3.2 5.4 24.6 20.7 28.5 61.4 38.1 84.8
-800 1.5 -1.6 4.6 21.9 19.0 24.8 55.7 34.7 76.7
-750 1.3 -1.0 3.6 21.1 18.9 23.2 50.5 32.1 68.9
-700 -0.1 -3.2 3.1 22.2 19.3 25.2 46.3 30.6 62.0
-650 -2.6 -6.7 1.6 24.9 21.2 28.7 43.3 29.9 56.7
-600 -5.6 -9.7 -1.4 28.3 24.6 31.9 41.8 29.8 53.8
-550 -8.2 -11.3 -5.1 31.2 28.5 33.8 41.7 29.9 53.6
-500 -9.3 -11.0 -7.7 32.6 31.2 34.0 43.1 30.4 55.8
-450 -7.9 -10.2 -5.6 32.0 30.0 33.9 45.6 31.6 59.6
-400 -3.5 -7.2 0.2 29.3 26.1 32.5 49.0 33.7 64.3
-350 2.3 -2.2 6.7 25.1 21.0 29.1 53.0 36.6 69.3
-300 7.2 2.8 11.7 20.1 16.0 24.3 57.2 40.3 74.0
-250 9.7 6.1 13.3 15.9 12.4 19.3 61.2 44.4 78.1
-200 9.0 5.2 12.8 14.1 10.5 17.8 64.9 48.7 81.2
-150 5.8 1.1 10.5 15.6 11.1 20.2 68.0 52.7 83.2 
-100 1.7 -3.2 6.7 19.6 14.9 24.2 70.1 56.1 84.1
-50 -2.4 -6.8 2.0 24.5 20.5 28.5 71.1 58.3 83.9
0 -5.7 -9.0 -2.4 28.8 25.9 31.7 70.9 58.8 83.0
50 -6.8 -9.0 -4.7 31.6 29.7 33.4 69.3 57.0 81.6
100 -4.5 -8.1 -0.9 33.1 30.0 36.1 66.3 53.0 79.6
150 -0.3 -6.0 5.4 33.0 28.2 37.7 61.9 47.2 76.7
200 3.1 -4.0 10.3 30.8 24.6 36.9 56.6 40.7 72.4
250 4.1 -3.1 11.2 26.8 20.4 33.2 50.7 34.9 66.5
300 2.5 -3.8 8.8 22.7 16.9 28.5 45.2 31.0 59.4
350 -0.4 -5.7 4.8 19.5 14.6 24.5 41.0 29.6 52.3
400 -3.0 -7.0 1.0 17.8 14.0 21.6 38.5 30.1 46.9
450 -4.1 -6.9 -1.3 17.1 14.4 19.8 37.9 31.4 44.4
500 -3.6 -6.0 -1.2 17.0 14.7 19.3 39.0 33.0 45.0
550 -1.7 -3.8 0.4 17.2 15.2 19.1 41.2 35.2 47.2
600 1.1 -0.6 2.8 17.8 16.2 19.4 43.5 37.9 49.2
650 4.6 2.9 6.4 19.6 18.0 21.3 44.8 39.1 50.6
700 6.7 5.3 8.2 22.3 21.0 23.7 44.9 38.6 51.3
750 4.6 2.8 6.4 24.5 22.9 26.2 44.2 37.2 51.2
800 -0.3 -3.1 2.4 24.0 21.5 26.5 43.2 35.8 50.5
850 -4.9 -7.1 -2.7 23.0 21.0 25.0 42.4 34.1 50.8
900 -6.0 -7.8 -4.1 24.2 22.5 25.9 42.8 31.3 54.4
950 -4.4 -7.5 -1.3 28.8 26.1 31.5 45.2 30.0 60.5
1000 -2.7 -5.9 0.5 35.2 32.6 37.8 49.7 33.1 66.3
1050 -0.4 -2.8 2.1 39.9 38.0 41.8 55.1 41.6 68.7
1100 3.5 1.1 5.9 41.1 39.3 42.9 59.7 52.1 67.2
1150 5.6 3.4 7.9 39.3 37.6 41.1 61.2 54.6 67.9
1200 4.2 2.2 6.2 36.9 35.3 38.5 59.7 49.0 70.4
1250 1.5 -0.1 3.2 36.5 35.2 37.9 56.6 44.2 69.0
1300 -0.4 -1.7 0.8 38.6 37.6 39.6 52.7 41.1 64.3
1350 0.3 -1.0 1.6 41.1 40.1 42.0 48.4 39.2 57.6
1400 4.5 3.3 5.6 40.8 40.0 41.6 45.1 38.9 51.4
1450 4.7 3.5 5.8 38.5 37.6 39.4 44.4 37.4 51.4
1500 3.4 2.2 4.6 37.5 36.6 38.4 46.6 36.3 56.9
1550 3.1 1.2 5.0 39.1 37.6 40.6 50.5 38.7 62.3
1600 3.3 1.4 5.2 42.0 40.7 43.4 54.2 43.0 65.4
1650 3.8 2.1 5.5 42.9 41.7 44.1 55.8 45.7 65.9
1700 5.3 2.8 7.7 40.7 38.8 42.6 54.0 45.3 62.7
1750 7.1 5.3 8.8 38.3 36.9 39.7 49.6 43.2 55.9
1800 7.9 7.1 8.8 37.6 36.9 38.3 43.9 40.1 47.8
1850 7.7 6.4 8.9 35.4 34.4 36.4 38.4 36.3 40.5
1900 9.0 7.7 10.3 33.2 32.1 34.3 35.1 33.7 36.6
1950 12.0 11.0 12.9 34.9 34.1 35.7 36.7 35.8 37.5
