   1  0.000000 -1300.00  50.0000  61.3977  1.75364  11.3253  0.323474 0
   2  0.000000 -1300.00  50.0000  56.1979  1.01956  10.3662  0.188066 0
   3  0.000000 -1300.00  50.0000  61.1326  0.285477  11.2764  5.265808E-02 0
   4  0.000000 -1300.00  50.0000  57.7681  0.203911  10.6558  3.761292E-02 0
   5  0.000000 -1050.00  50.0000  69.7275  3.058624E-02  12.8618  5.642891E-03 0
   6  0.000000 -1050.00  50.0000  62.3357  8.156586E-02  11.4984  1.504517E-02 0
   7  0.000000 -1050.00  50.0000  60.6024  3.14023  11.1786  0.579245 0
   8  0.000000 -950.000  50.0000  78.7811  5.097961E-02  14.5319  9.404182E-03 0
   9  0.000000 -950.000  50.0000  66.0571  2.95671  12.1848  0.545391 0
   10  0.000000 -950.000  50.0000  67.1990  1.27445  12.3954  0.235083 0
   11  0.000000 -950.000  50.0000  67.5354  1.66187  12.4575  0.306547 0
   12  0.000000 -850.000  50.0000  65.6288  0.214111  12.1058  3.949356E-02 0
   13  0.000000 -850.000  50.0000  73.4386  0.509781  13.5464  9.403324E-02 0
   14  0.000000 -850.000  50.0000  58.1963  3.32375  10.7348  0.613096 0
   15  0.000000 -850.000  50.0000  69.9620  2.85476  12.9051  0.526586 0
   16  0.000000 -850.000  50.0000  77.2722  1.57011  14.2535  0.289621 0
   17  0.000000 -766.000  34.0000  89.8739  0.275276  16.5780  5.077744E-02 0
   18  0.000000 -766.000  34.0000  77.1702  4.57780  14.2347  0.844417 0
   19  0.000000 -766.000  34.0000  84.7761  0.346642  15.6377  6.394100E-02 0
   20  0.000000 -766.000  34.0000  68.9220  0.397621  12.7133  7.334614E-02 0
   21  0.000000 -766.000  34.0000  83.1142  1.93716  15.3312  0.357326 0
   22  0.000000 -766.000  34.0000  74.6927  1.76384  13.7777  0.325355 0
   23  0.000000 -766.000  34.0000  69.1361  3.18102  12.7528  0.586766 0
   24  0.000000 -766.000  34.0000  72.0419  0.774864  13.2888  0.142931 0
   25  0.000000 -766.000  34.0000  79.2093  3.058624E-02  14.6109  5.641937E-03 0
   26  0.000000 -1350.00  50.0000  53.6977  4.09037  9.90501  0.754506 1
   27  0.000000 -1250.00  50.0000  60.2484  0.789371  11.1134  0.145607 1
   28  0.000000 -1250.00  50.0000  60.5560  3.51629  11.1701  0.648610 1
   29  0.000000 -1250.00  50.0000  64.5028  0.256287  11.8981  4.727459E-02 1
   30  0.000000 -1250.00  50.0000  57.0192  0.850883  10.5177  0.156954 1
   31  0.000000 -1155.00  25.0000  68.2754  0.850876  12.5940  0.156953 1
   32  0.000000 -1155.00  25.0000  63.9287  3.10622  11.7922  0.572970 1
   33  0.000000 -1155.00  25.0000  63.9390  2.51163  11.7941  0.463293 1
   34  0.000000 -1155.00  25.0000  62.2167  0.471569  11.4764  8.698559E-02 1
   35  0.000000 -1125.00  25.0000  62.2577  0.656105  11.4840  0.121023 1
   36  0.000000 -1000.00  50.0000  68.1114  0.317795  12.5637  5.861950E-02 1
   37  0.000000 -1000.00  50.0000  75.5643  3.075409E-02  13.9385  5.673409E-03 1
   38  0.000000 -1000.00  50.0000  85.0162  6.150818E-02  15.6820  1.134682E-02 1
   39  0.000000 -1000.00  50.0000  85.6826  0.471573  15.8049  8.698654E-02 1
   40  0.000000 -1000.00  50.0000  68.8187  2.77817  12.6942  0.512460 1
   41  0.000000 -900.000  50.0000  76.5382  2.59364  14.1181  0.478419 1
   42  0.000000 -900.000  50.0000  69.5158  2.47063  12.8228  0.455728 1
   43  0.000000 -900.000  50.0000  70.3975  0.707359  12.9854  0.130479 1
   44  0.000000 -900.000  50.0000  65.7843  1.28145  12.1345  0.236374 1
   45  0.000000 -766.000  34.0000  77.0097  2.70641  14.2051  0.499222 1
   46  0.000000 -766.000  34.0000  82.4841  2.64491  15.2149  0.487875 1
   47  0.000000 -766.000  34.0000  95.7906  4.71571  17.6694  0.869858 1
   48  0.000000 -766.000  34.0000  77.7684  3.20873  14.3451  0.591878 1
   49  0.000000 -766.000  34.0000  81.8690  1.23019  15.1015  0.226919 1
   50  0.000000 -766.000  34.0000  91.9975  0.410065  16.9698  7.563972E-02 1
   51  0.000000 -864.000  10.0000  68.9524  1.90134  12.7189  0.350718 2
   52  0.000000 -998.000  10.0000  83.3962  3.83419  15.3832  0.707252 2
   53  0.000000 -1032.50  4.50000  84.1501  2.41279  15.5222  0.445060 3
   54  0.000000 -1032.50  4.50000  76.8160  2.14706  14.1694  0.396044 3
   55  0.000000 -1032.50  4.50000  79.5902  1.062775E-02  14.6811  1.960754E-03 3
   56  0.000000 -1017.50  10.5000  70.6299  0.563339  13.0283  0.103912 3
   57  0.000000 -1017.50  10.5000  75.6681  2.64663  13.9576  0.488193 3
   58  0.000000 -1017.50  10.5000  72.3837  4.251862E-02  13.3518  7.843018E-03 3
   59  0.000000 -998.500  8.50000  77.7301  0.754669  14.3380  0.139204 3
   60  0.000000 -998.500  8.50000  73.7549  2.59348  13.6047  0.478391 3
   61  0.000000 -998.500  8.50000  80.9507  3.43317  14.9321  0.633281 3
   62  0.000000 -980.500  9.50000  78.5804  5.44207  14.4949  1.00384 3
   63  0.000000 -980.500  9.50000  73.2128  1.62624  13.5047  0.299975 3
   64  0.000000 -980.500  9.50000  101.348  7.439423E-02  18.6945  1.372337E-02 3
   65  0.000000 -980.500  9.50000  95.5869  4.27287  17.6318  0.788170 3
   66  0.000000 -980.500  9.50000  78.0490  2.55096  14.3968  0.470549 3
   67  0.000000 -963.000  8.00000  87.5514  2.66788  16.1496  0.492115 3
   68  0.000000 -963.000  8.00000  75.9763  2.71041  14.0145  0.499958 3
   69  0.000000 -963.000  8.00000  73.9249  1.71127  13.6361  0.315660 3
   70  0.000000 -947.000  8.00000  71.2889  3.93274  13.1499  0.725428 3
   71  0.000000 -947.000  8.00000  75.8807  5.97352  13.9969  1.10187 3
   72  0.000000 -947.000  8.00000  74.5520  9.565735E-02  13.7518  1.764584E-02 3
   73  0.000000 -947.000  8.00000  77.5388  3.60324  14.3027  0.664650 3
   74  0.000000 -934.500  4.50000  76.1783  4.26225  14.0518  0.786207 3
   75  0.000000 -934.500  4.50000  78.1340  0.350754  14.4125  6.470013E-02 3
   76  0.000000 -934.500  4.50000  87.5939  2.12581  16.1575  0.392124 3
   77  0.000000 -921.500  8.50000  73.2447  0.722778  13.5106  0.133322 3
   78  0.000000 -921.500  8.50000  69.2375  3.55010  12.7715  0.654846 3
   79  0.000000 -921.500  8.50000  74.7646  1.04165  13.7910  0.192141 3
   80  0.000000 -904.000  9.00000  71.9692  0.159431  13.2753  2.940941E-02 3
   81  0.000000 -904.000  9.00000  76.9542  2.74229  14.1949  0.505840 3
   82  0.000000 -904.000  9.00000  76.9861  0.903465  14.2008  0.166654 3
   83  0.000000 -904.000  9.00000  66.4846  0.170067  12.2637  3.137016E-02 3
   84  0.000000 -892.500  2.50000  85.6062  0.159431  15.7908  2.941036E-02 3
   85  0.000000 -716.500  15.5000  64.1924  5.10220  11.8408  0.941146 4
   86  0.000000 -716.500  15.5000  87.2145  3.09036  16.0875  0.570045 4
   87  0.000000 -716.500  15.5000  80.8886  2.70665  14.9206  0.499267 4
   88  0.000000 -716.500  15.5000  74.0442  2.46814  13.6581  0.455270 4
   89  0.000000 -675.500  25.5000  66.4738  6.221771E-02  12.2617  1.147842E-02 4
   90  0.000000 -675.500  25.5000  74.2516  1.70074  13.6964  0.313715 4
   91  0.000000 -675.500  25.5000  81.5108  0.819260  15.0354  0.151119 4
   92  0.000000 -702.500  1.50000  79.5404  1.06815  14.6719  0.197027 4
   93  0.000000 -702.500  1.50000  75.7034  2.93480  13.9642  0.541350 4
   94  0.000000 -702.500  1.50000  70.7256  3.41184  13.0460  0.629343 4
   95  0.000000 -690.000  60.0000  68.3405  1.49333  12.6060  0.275458 4
   96  0.000000 -608.000  22.0000  74.9775  8.296204E-02  13.8303  1.530266E-02 4
   97  0.000000 -608.000  22.0000  74.0442  8.296204E-02  13.6581  1.530266E-02 4
   98  0.000000 -553.000  33.0000  70.7256  1.31703  13.0460  0.242939 4
   99  0.000000 -553.000  33.0000  67.0960  0.124451  12.3765  2.295494E-02 4
   100  0.000000 -553.000  33.0000  66.7849  1.07851  12.3191  0.198942 4
   101  0.000000 -460.000  60.0000  76.3256  1.22370  14.0789  0.225723 4
   102  0.000000 -460.000  60.0000  75.5997  1.88740  13.9450  0.348147 4
   103  0.000000 -460.000  60.0000  72.7997  1.25481  13.4285  0.231462 4
   104  0.000000 -460.000  60.0000  68.1331  2.60295  12.5677  0.480138 4
   105  0.000000 -300.000  100.000  72.9034  7.258606E-02  13.4477  1.338959E-02 4
   106  0.000000 -300.000  100.000  69.1701  7.258606E-02  12.7590  1.339054E-02 4
   107  0.000000 -300.000  100.000  62.1183  4.87405  11.4583  0.899062 4
   108  0.000000 -150.000  10.0000  58.1776  0.103699  10.7314  1.912975E-02 4
   109  0.000000 -150.000  10.0000  57.8664  5.185318E-02  10.6740  9.564400E-03 4
   110  0.000000 -150.000  10.0000  52.7850  2.99702  9.73665  0.552828 4
   111  0.000000 -770.000  50.0000  71.7553  2.59116  13.2359  0.477962 5
   112  0.000000 -770.000  50.0000  71.5560  2.69082  13.1991  0.496346 5
   113  0.000000 -770.000  50.0000  69.0645  3.28879  12.7395  0.606645 5
   114  0.000000 -770.000  50.0000  71.3566  1.49490  13.1624  0.275746 5
   115  0.000000 -770.000  50.0000  69.8617  3.08945  12.8866  0.569878 5
   116  0.000000 -770.000  50.0000  73.2502  2.59116  13.5116  0.477963 5
   117  0.000000 -770.000  50.0000  77.1369  0.398636  14.2286  7.353306E-02 5
   118  0.000000 -770.000  50.0000  75.5424  0.597954  13.9345  0.110298 5
   119  0.000000 -1450.00  100.000  59.1981  0.597961  10.9196  0.110300 5
   120  0.000000 -1450.00  100.000  61.4903  1.59456  11.3424  0.294131 5
   121  0.000000 -1450.00  100.000  62.0882  1.19592  11.4527  0.220597 5
   122  0.000000 -1450.00  100.000  62.3872  1.39524  11.5079  0.257365 5
   123  0.000000 -1450.00  100.000  61.4903  0.498299  11.3424  9.191513E-02 5
   124  0.000000 -1450.00  100.000  59.6964  0.597961  11.0115  0.110299 5
   125  0.000000 -770.000  50.0000  79.3295  1.89354  14.6330  0.349281 5
   126  0.000000 -770.000  50.0000  73.5492  1.49490  13.5668  0.275748 5
   127  0.000000 -770.000  50.0000  79.7281  0.896942  14.7065  0.165449 5
   128  0.000000 -770.000  50.0000  80.5254  1.79388  14.8536  0.330896 5
   129  0.000000 -1150.00  50.0000  54.0712  0.995785  9.97390  0.183681 6
   130  0.000000 -1150.00  50.0000  59.0501  3.78398  10.8923  0.697989 6
   131  0.000000 -1150.00  50.0000  60.6434  2.98735  11.1862  0.551044 6
   132  0.000000 -1150.00  50.0000  62.6349  3.68440  11.5536  0.679622 6
   133  0.000000 -1150.00  50.0000  61.6391  3.08694  11.3699  0.569413 6
   134  0.000000 -1150.00  50.0000  63.1328  1.99157  11.6454  0.367362 6
   135  0.000000 -1150.00  50.0000  54.5691  2.68862  10.0657  0.495939 6
   136  0.000000 -725.000  25.0000  68.3190  2.10366  12.6020  0.388039 6
   137  0.000000 -725.000  25.0000  70.7232  0.601044  13.0455  0.110869 6
   138  0.000000 -725.000  25.0000  70.3225  3.50610  12.9716  0.646733 6
   139  0.000000 -725.000  25.0000  76.2328  1.70296  14.0618  0.314128 6
   140  0.000000 -725.000  25.0000  74.7302  3.40594  13.7846  0.628255 6
   141  0.000000 -725.000  25.0000  69.0202  1.10192  12.7314  0.203259 6
   142  0.000000 -1250.00  50.0000  54.7548  2.75743  10.1000  0.508634 6
   143  0.000000 -1250.00  50.0000  53.6715  2.65896  9.90018  0.490469 6
   144  0.000000 -1250.00  50.0000  60.2697  3.05288  11.1173  0.563129 6
   145  0.000000 -725.000  25.0000  76.0325  3.80664  14.0249  0.702168 6
   146  0.000000 -725.000  25.0000  70.1222  3.50610  12.9347  0.646732 6
   147  0.000000 -725.000  25.0000  71.1239  3.60629  13.1194  0.665211 6
   148  0.000000 -725.000  25.0000  75.2311  3.80663  13.8770  0.702167 6
   149  0.000000 -725.000  25.0000  70.6230  3.50611  13.0270  0.646732 6
   150  0.000000 -725.000  25.0000  73.5281  3.70646  13.5629  0.683688 6
   151  0.000000 -725.000  25.0000  75.1309  3.80663  13.8586  0.702167 6
   152  0.000000 -725.000  25.0000  76.3330  3.80663  14.0803  0.702167 6
   153  0.000000 -650.000  50.0000  74.8304  3.70645  13.8031  0.683689 6
   154  0.000000 -650.000  50.0000  72.2258  3.60628  13.3227  0.665210 6
   155  0.000000 -650.000  50.0000  76.4332  3.80663  14.0988  0.702168 6
   156  0.000000 -650.000  50.0000  75.9323  3.80663  14.0064  0.702168 6
   157  0.000000 -575.000  25.0000  70.7085  3.54527  13.0428  0.653956 6
   158  0.000000 -575.000  25.0000  68.4435  3.44679  12.6250  0.635791 6
   159  0.000000 -575.000  25.0000  69.3298  3.44679  12.7885  0.635791 6
   160  0.000000 -575.000  25.0000  68.4435  3.44679  12.6250  0.635791 6
   161  0.000000 -575.000  25.0000  69.6253  3.44679  12.8430  0.635792 6
   162  0.000000 -575.000  25.0000  68.8374  3.44679  12.6977  0.635792 6
   163  0.000000 -575.000  25.0000  67.9511  3.44679  12.5342  0.635792 6
   164  0.000000 -225.000  75.0000  57.0296  1.19643  10.5196  0.220692 6
   165  0.000000 -225.000  75.0000  59.9210  0.398811  11.0530  7.356358E-02 6
   166  0.000000 -225.000  75.0000  54.8362  0.697914  10.1150  0.128737 6
   167  2.00000 -1050.00  150.000  96.2021  6.69224  17.7453  1.23444 7
   168  0.000000 -725.000  75.0000  86.9016  2.14812  16.0298  0.396240 8
   169  0.000000 -725.000  75.0000  76.5515  0.976418  14.1206  0.180108 8
   170  2.00000 -672.000  10.0000  94.7077  2.05673  17.4697  0.379383 9
