   1  1.00000 -1300.00  50.0000  59.1343  2.54889  10.9078  0.470165 0
   2  1.00000 -1050.00  50.0000  64.2321  4.89387  11.8482  0.902716 0
   3  1.00000 -950.000  50.0000  70.6553  7.03494  13.0330  1.29766 0
   4  1.00000 -850.000  50.0000  68.9220  7.34081  12.7133  1.35408 0
   5  1.00000 -766.000  34.0000  79.7293  7.64667  14.7068  1.41050 0
   6  1.00000 -766.000  34.0000  73.5100  5.19974  13.5596  0.959137 0
   7  1.00000 -1250.00  50.0000  60.5867  3.07547  11.1758  0.567296 1
   8  1.00000 -1155.00  25.0000  64.5848  2.56289  11.9132  0.472749 1
   9  1.00000 -1000.00  50.0000  76.6817  8.50880  14.1446  1.56952 1
   10  1.00000 -766.000  34.0000  84.4729  7.68867  15.5818  1.41824 1
   11  1.00000 -1032.50  4.50000  80.1854  3.72016  14.7909  0.686216 3
   12  1.00000 -1017.50  10.5000  72.9152  2.55097  13.4498  0.470548 3
   13  1.00000 -998.500  8.50000  77.4857  3.61388  14.2929  0.666610 3
   14  1.00000 -980.500  9.50000  85.3512  12.3297  15.7438  2.27432 3
   15  1.00000 -963.000  8.00000  79.1863  7.33404  14.6066  1.35283 3
   16  1.00000 -947.000  8.00000  74.8284  2.65726  13.8028  0.490153 3
   17  1.00000 -934.500  4.50000  80.6744  6.05855  14.8811  1.11755 3
   18  1.00000 -921.500  8.50000  72.3837  2.86983  13.3518  0.529366 3
   19  1.00000 -904.000  9.00000  73.1278  4.99564  13.4891  0.921492 3
   20  1.00000 -716.500  15.5000  76.6367  9.85181  14.1363  1.81725 4
   21  1.00000 -675.500  25.5000  74.0442  7.57034  13.6581  1.39642 4
   22  1.00000 -702.500  1.50000  75.2886  4.45925  13.8876  0.822547 4
   23  1.00000 -553.000  33.0000  68.2368  2.17777  12.5869  0.401709 4
   24  1.00000 -460.000  60.0000  73.2145  3.73331  13.5051  0.688643 4
   25  1.00000 -300.000  100.000  68.0294  5.49628  12.5486  1.01383 4
   26  1.00000 -150.000  10.0000  56.3109  3.00740  10.3870  0.554742 4
   27  1.00000 -770.000  50.0000  72.4529  2.79049  13.3646  0.514729 5
   28  1.00000 -1450.00  100.000  61.0916  1.29558  11.2689  0.238981 5
   29  1.00000 -770.000  50.0000  78.3328  3.18913  14.4492  0.588262 5
   30  1.00000 -1150.00  50.0000  58.9505  3.58483  10.8739  0.661253 6
   31  1.00000 -725.000  25.0000  71.6248  2.90506  13.2118  0.535864 6
   32  1.00000 -1250.00  50.0000  56.2320  3.54527  10.3725  0.653955 6
   33  1.00000 -725.000  25.0000  73.5281  2.50436  13.5629  0.461952 6
   34  1.00000 -650.000  50.0000  74.8304  1.90332  13.8031  0.351082 6
   35  1.00000 -575.000  25.0000  69.0344  0.886314  12.7340  0.163488 6
   36  1.00000 -225.000  75.0000  57.2290  2.59225  10.5564  0.478165 6
   37  2.00000 -1050.00  150.000  96.2021  6.69224  17.7453  1.23444 7
