     Age(yr)        Int(microT)  1-sigma Int (microT)
  -1.3000000e+03   5.5359970e+01   7.6015185e+00
  -1.2900000e+03   5.4769877e+01   7.1753160e+00
  -1.2800000e+03   5.4037488e+01   7.0006822e+00
  -1.2700000e+03   5.3263238e+01   6.6905561e+00
  -1.2600000e+03   5.2551950e+01   6.2777888e+00
  -1.2500000e+03   5.2017165e+01   6.4142926e+00
  -1.2400000e+03   5.1757573e+01   5.9050624e+00
  -1.2300000e+03   5.1807917e+01   5.5799353e+00
  -1.2200000e+03   5.2186280e+01   5.3355110e+00
  -1.2100000e+03   5.2857124e+01   4.9018928e+00
  -1.2000000e+03   5.3730118e+01   4.8829354e+00
  -1.1900000e+03   5.4701184e+01   4.6057834e+00
  -1.1800000e+03   5.5623554e+01   4.5619726e+00
  -1.1700000e+03   5.6342112e+01   4.4796291e+00
  -1.1600000e+03   5.6752381e+01   4.3891366e+00
  -1.1500000e+03   5.6800771e+01   4.7087650e+00
  -1.1400000e+03   5.6468976e+01   4.9867501e+00
  -1.1300000e+03   5.5868618e+01   5.6581072e+00
  -1.1200000e+03   5.5143893e+01   5.8730229e+00
  -1.1100000e+03   5.4467437e+01   5.8661835e+00
  -1.1000000e+03   5.4040390e+01   6.1188076e+00
  -1.0900000e+03   5.4044467e+01   5.8347050e+00
  -1.0800000e+03   5.4581791e+01   5.8685209e+00
  -1.0700000e+03   5.5733526e+01   5.7410954e+00
  -1.0600000e+03   5.7490789e+01   5.2312050e+00
  -1.0500000e+03   5.9752149e+01   5.1427712e+00
  -1.0400000e+03   6.2394202e+01   4.9802775e+00
  -1.0300000e+03   6.5223160e+01   5.1496090e+00
  -1.0200000e+03   6.8024317e+01   5.2114740e+00
  -1.0100000e+03   7.0605403e+01   5.1896547e+00
  -1.0000000e+03   7.2798056e+01   5.4512054e+00
  -9.9000000e+02   7.4451846e+01   5.5016356e+00
  -9.8000000e+02   7.5490274e+01   5.9466847e+00
  -9.7000000e+02   7.5860008e+01   5.9987550e+00
  -9.6000000e+02   7.5595749e+01   5.7829936e+00
  -9.5000000e+02   7.4820380e+01   5.9363031e+00
  -9.4000000e+02   7.3660731e+01   5.6455071e+00
  -9.3000000e+02   7.2241822e+01   5.6501352e+00
  -9.2000000e+02   7.0687425e+01   5.5617649e+00
  -9.1000000e+02   6.9106469e+01   5.1583914e+00
  -9.0000000e+02   6.7593108e+01   5.0218281e+00
  -8.9000000e+02   6.6235070e+01   4.6577861e+00
  -8.8000000e+02   6.5097299e+01   4.6568770e+00
  -8.7000000e+02   6.4239481e+01   4.5876577e+00
  -8.6000000e+02   6.3717872e+01   4.3300517e+00
  -8.5000000e+02   6.3584769e+01   4.3799775e+00
  -8.4000000e+02   6.3880181e+01   4.1865766e+00
  -8.3000000e+02   6.4596025e+01   4.2939108e+00
  -8.2000000e+02   6.5708972e+01   4.3052630e+00
  -8.1000000e+02   6.7137680e+01   4.1346941e+00
  -8.0000000e+02   6.8742650e+01   4.2120041e+00
  -7.9000000e+02   7.0377345e+01   4.0621585e+00
  -7.8000000e+02   7.1880127e+01   4.2095595e+00
  -7.7000000e+02   7.3088058e+01   4.3565162e+00
  -7.6000000e+02   7.3894782e+01   4.5205808e+00
  -7.5000000e+02   7.4251182e+01   4.8156465e+00
  -7.4000000e+02   7.4138353e+01   4.7594327e+00
  -7.3000000e+02   7.3643013e+01   5.0563349e+00
  -7.2000000e+02   7.2877503e+01   5.1197896e+00
  -7.1000000e+02   7.1953701e+01   5.0851784e+00
  -7.0000000e+02   7.0982283e+01   5.3722224e+00
  -6.9000000e+02   7.0064104e+01   5.2007512e+00
  -6.8000000e+02   6.9268603e+01   5.2673022e+00
  -6.7000000e+02   6.8656510e+01   5.1602556e+00
  -6.6000000e+02   6.8248525e+01   4.8745053e+00
  -6.5000000e+02   6.8026352e+01   4.9345724e+00
  -6.4000000e+02   6.7970227e+01   4.6358075e+00
  -6.3000000e+02   6.8051852e+01   4.5993695e+00
  -6.2000000e+02   6.8238078e+01   4.5075971e+00
  -6.1000000e+02   6.8493233e+01   4.2913073e+00
  -6.0000000e+02   6.8776873e+01   4.3812694e+00
  -5.9000000e+02   6.9049955e+01   4.1372028e+00
  -5.8000000e+02   6.9301125e+01   4.0538328e+00
  -5.7000000e+02   6.9525938e+01   3.9406271e+00
  -5.6000000e+02   6.9720615e+01   3.7773325e+00
  -5.5000000e+02   6.9884319e+01   3.9019550e+00
  -5.4000000e+02   7.0008960e+01   3.7855384e+00
  -5.3000000e+02   7.0044581e+01   3.8355062e+00
  -5.2000000e+02   6.9930590e+01   3.8023253e+00
  -5.1000000e+02   6.9622123e+01   3.7026903e+00
  -5.0000000e+02   6.9089400e+01   3.8036007e+00
  -4.9000000e+02   6.8317510e+01   3.6155154e+00
  -4.8000000e+02   6.7356117e+01   3.6571105e+00
  -4.7000000e+02   6.6273968e+01   3.7050584e+00
  -4.6000000e+02   6.5158548e+01   3.8324555e+00
  -4.5000000e+02   6.4113829e+01   4.1278342e+00
  -4.4000000e+02   6.3239482e+01   4.0000572e+00
  -4.3000000e+02   6.2620913e+01   4.1241760e+00
  -4.2000000e+02   6.2333312e+01   4.1454189e+00
  -4.1000000e+02   6.2369041e+01   4.0189942e+00
  -4.0000000e+02   6.2640927e+01   4.0956241e+00
  -3.9000000e+02   6.3052363e+01   3.8483163e+00
  -3.8000000e+02   6.3475689e+01   3.8564786e+00
  -3.7000000e+02   6.3778985e+01   3.8775890e+00
  -3.6000000e+02   6.3910147e+01   3.8152980e+00
  -3.5000000e+02   6.3896284e+01   3.9474982e+00
  -3.4000000e+02   6.3772415e+01   3.8110370e+00
  -3.3000000e+02   6.3596579e+01   3.9699495e+00
  -3.2000000e+02   6.3430419e+01   4.1271053e+00
  -3.1000000e+02   6.3288281e+01   4.3808189e+00
  -3.0000000e+02   6.3137522e+01   4.8338980e+00
  -2.9000000e+02   6.2942374e+01   5.0013346e+00
  -2.8000000e+02   6.2661701e+01   5.5746265e+00
  -2.7000000e+02   6.2254742e+01   5.8569730e+00
  -2.6000000e+02   6.1713603e+01   6.0417277e+00
  -2.5000000e+02   6.1062730e+01   6.4061079e+00
  -2.4000000e+02   6.0330086e+01   6.1749766e+00
  -2.3000000e+02   5.9553717e+01   6.3192903e+00
  -2.2000000e+02   5.8774675e+01   6.2791668e+00
  -2.1000000e+02   5.8036828e+01   6.0407235e+00
  -2.0000000e+02   5.7385363e+01   6.1585108e+00
  -1.9000000e+02   5.6855330e+01   5.6280818e+00
  -1.8000000e+02   5.6448337e+01   5.3002767e+00
  -1.7000000e+02   5.6158241e+01   5.0007009e+00
  -1.6000000e+02   5.5968190e+01   4.4101707e+00
  -1.5000000e+02   5.5849567e+01   4.2268104e+00
  -1.4000000e+02   5.5771048e+01   3.8674532e+00
  -1.3000000e+02   5.5693634e+01   3.6819763e+00
  -1.2000000e+02   5.5573653e+01   3.5536025e+00
  -1.1000000e+02   5.5370061e+01   3.4271917e+00
  -1.0000000e+02   5.5047018e+01   3.5348350e+00
  -9.0000000e+01   5.4586938e+01   3.4344103e+00
  -8.0000000e+01   5.4040234e+01   3.7291503e+00
  -7.0000000e+01   5.3474320e+01   3.9180873e+00
  -6.0000000e+01   5.2956831e+01   3.9919353e+00
  -5.0000000e+01   5.2554895e+01   4.2776928e+00
  -4.0000000e+01   5.2326151e+01   4.3844647e+00
  -3.0000000e+01   5.2296126e+01   4.8110660e+00
  -2.0000000e+01   5.2481925e+01   5.0264783e+00
  -1.0000000e+01   5.2869950e+01   5.3688118e+00
   0.0000000e+00   5.3415091e+01   5.9755687e+00
