# Tab. 2S: Western Europe intensity secular variation curve between 1400 BCE and 200 CE		
# Date (yrs BCE/CE)	Fmean at 46°N, 7°E (µT)	Err_F_95 (µT)
-1400	53.9	7.3
-1399	53.8	7.2
-1398	53.8	7.1
-1397	53.8	7.0
-1396	53.7	6.8
-1395	53.7	6.7
-1394	53.7	6.6
-1393	53.6	6.5
-1392	53.6	6.4
-1391	53.6	6.3
-1390	53.5	6.1
-1389	53.5	6.0
-1388	53.4	5.9
-1387	53.4	5.8
-1386	53.4	5.7
-1385	53.3	5.6
-1384	53.3	5.5
-1383	53.3	5.4
-1382	53.2	5.3
-1381	53.2	5.2
-1380	53.2	5.1
-1379	53.1	5.0
-1378	53.1	4.9
-1377	53.1	4.8
-1376	53.0	4.7
-1375	53.0	4.6
-1374	53.0	4.5
-1373	52.9	4.4
-1372	52.9	4.3
-1371	52.9	4.2
-1370	52.8	4.2
-1369	52.8	4.1
-1368	52.8	4.0
-1367	52.7	3.9
-1366	52.7	3.9
-1365	52.7	3.8
-1364	52.6	3.7
-1363	52.6	3.7
-1362	52.6	3.6
-1361	52.5	3.5
-1360	52.5	3.5
-1359	52.5	3.4
-1358	52.5	3.4
-1357	52.4	3.3
-1356	52.4	3.3
-1355	52.4	3.2
-1354	52.3	3.2
-1353	52.3	3.1
-1352	52.3	3.1
-1351	52.2	3.0
-1350	52.2	3.0
-1349	52.2	3.0
-1348	52.2	3.0
-1347	52.1	2.9
-1346	52.1	2.9
-1345	52.1	2.9
-1344	52.1	2.9
-1343	52.0	2.8
-1342	52.0	2.8
-1341	52.0	2.8
-1340	52.0	2.8
-1339	52.0	2.8
-1338	51.9	2.8
-1337	51.9	2.8
-1336	51.9	2.8
-1335	51.9	2.8
-1334	51.8	2.8
-1333	51.8	2.8
-1332	51.8	2.8
-1331	51.8	2.8
-1330	51.8	2.8
-1329	51.8	2.8
-1328	51.7	2.8
-1327	51.7	2.8
-1326	51.7	2.8
-1325	51.7	2.8
-1324	51.7	2.8
-1323	51.7	2.8
-1322	51.7	2.8
-1321	51.6	2.8
-1320	51.6	2.8
-1319	51.6	2.8
-1318	51.6	2.8
-1317	51.6	2.8
-1316	51.6	2.8
-1315	51.6	2.8
-1314	51.6	2.8
-1313	51.6	2.8
-1312	51.5	2.8
-1311	51.5	2.9
-1310	51.5	2.9
-1309	51.5	2.9
-1308	51.5	2.9
-1307	51.5	2.9
-1306	51.5	2.9
-1305	51.5	2.9
-1304	51.5	2.9
-1303	51.5	2.9
-1302	51.5	2.9
-1301	51.5	2.9
-1300	51.5	3.0
-1299	51.5	3.0
-1298	51.5	3.0
-1297	51.5	3.0
-1296	51.5	3.0
-1295	51.5	3.0
-1294	51.5	3.0
-1293	51.5	3.1
-1292	51.5	3.1
-1291	51.5	3.1
-1290	51.5	3.1
-1289	51.5	3.1
-1288	51.5	3.1
-1287	51.5	3.1
-1286	51.5	3.1
-1285	51.5	3.2
-1284	51.6	3.2
-1283	51.6	3.2
-1282	51.6	3.2
-1281	51.6	3.2
-1280	51.6	3.2
-1279	51.6	3.2
-1278	51.6	3.3
-1277	51.6	3.3
-1276	51.6	3.3
-1275	51.6	3.3
-1274	51.6	3.3
-1273	51.6	3.3
-1272	51.7	3.3
-1271	51.7	3.3
-1270	51.7	3.4
-1269	51.7	3.4
-1268	51.7	3.4
-1267	51.7	3.4
-1266	51.7	3.4
-1265	51.7	3.4
-1264	51.7	3.4
-1263	51.7	3.4
-1262	51.7	3.5
-1261	51.8	3.5
-1260	51.8	3.5
-1259	51.8	3.5
-1258	51.8	3.5
-1257	51.8	3.5
-1256	51.8	3.5
-1255	51.8	3.6
-1254	51.8	3.6
-1253	51.8	3.6
-1252	51.8	3.6
-1251	51.8	3.6
-1250	51.8	3.6
-1249	51.8	3.7
-1248	51.8	3.7
-1247	51.9	3.7
-1246	51.9	3.7
-1245	51.9	3.7
-1244	51.9	3.8
-1243	51.9	3.8
-1242	51.9	3.8
-1241	51.9	3.9
-1240	51.9	3.9
-1239	51.9	3.9
-1238	51.9	3.9
-1237	51.9	4.0
-1236	51.9	4.0
-1235	51.9	4.0
-1234	51.9	4.1
-1233	51.9	4.1
-1232	51.9	4.1
-1231	52.0	4.2
-1230	52.0	4.2
-1229	52.0	4.2
-1228	52.0	4.3
-1227	52.0	4.3
-1226	52.0	4.3
-1225	52.0	4.4
-1224	52.0	4.4
-1223	52.0	4.5
-1222	52.0	4.5
-1221	52.1	4.5
-1220	52.1	4.6
-1219	52.1	4.6
-1218	52.1	4.6
-1217	52.1	4.7
-1216	52.1	4.7
-1215	52.2	4.8
-1214	52.2	4.8
-1213	52.2	4.8
-1212	52.2	4.9
-1211	52.2	4.9
-1210	52.3	4.9
-1209	52.3	5.0
-1208	52.3	5.0
-1207	52.3	5.0
-1206	52.3	5.1
-1205	52.4	5.1
-1204	52.4	5.1
-1203	52.4	5.2
-1202	52.5	5.2
-1201	52.5	5.2
-1200	52.5	5.3
-1199	52.6	5.3
-1198	52.6	5.3
-1197	52.6	5.3
-1196	52.7	5.4
-1195	52.7	5.4
-1194	52.7	5.4
-1193	52.8	5.4
-1192	52.8	5.5
-1191	52.8	5.5
-1190	52.9	5.5
-1189	52.9	5.5
-1188	52.9	5.6
-1187	53.0	5.6
-1186	53.0	5.6
-1185	53.1	5.6
-1184	53.1	5.7
-1183	53.2	5.7
-1182	53.2	5.7
-1181	53.2	5.7
-1180	53.3	5.7
-1179	53.3	5.8
-1178	53.4	5.8
-1177	53.4	5.8
-1176	53.5	5.8
-1175	53.5	5.8
-1174	53.6	5.9
-1173	53.6	5.9
-1172	53.7	5.9
-1171	53.7	5.9
-1170	53.8	6.0
-1169	53.8	6.0
-1168	53.9	6.0
-1167	53.9	6.0
-1166	54.0	6.1
-1165	54.0	6.1
-1164	54.1	6.1
-1163	54.1	6.1
-1162	54.2	6.2
-1161	54.3	6.2
-1160	54.3	6.2
-1159	54.4	6.2
-1158	54.4	6.3
-1157	54.5	6.3
-1156	54.5	6.3
-1155	54.6	6.4
-1154	54.6	6.4
-1153	54.7	6.4
-1152	54.8	6.5
-1151	54.8	6.5
-1150	54.9	6.5
-1149	54.9	6.6
-1148	55.0	6.6
-1147	55.0	6.6
-1146	55.1	6.7
-1145	55.2	6.7
-1144	55.2	6.7
-1143	55.3	6.8
-1142	55.3	6.8
-1141	55.4	6.8
-1140	55.5	6.9
-1139	55.5	6.9
-1138	55.6	6.9
-1137	55.7	7.0
-1136	55.7	7.0
-1135	55.8	7.0
-1134	55.8	7.1
-1133	55.9	7.1
-1132	56.0	7.1
-1131	56.0	7.2
-1130	56.1	7.2
-1129	56.2	7.2
-1128	56.2	7.3
-1127	56.3	7.3
-1126	56.4	7.3
-1125	56.4	7.3
-1124	56.5	7.4
-1123	56.6	7.4
-1122	56.6	7.4
-1121	56.7	7.4
-1120	56.8	7.5
-1119	56.8	7.5
-1118	56.9	7.5
-1117	57.0	7.5
-1116	57.0	7.5
-1115	57.1	7.6
-1114	57.2	7.6
-1113	57.2	7.6
-1112	57.3	7.6
-1111	57.4	7.6
-1110	57.5	7.6
-1109	57.5	7.6
-1108	57.6	7.7
-1107	57.7	7.7
-1106	57.8	7.7
-1105	57.8	7.7
-1104	57.9	7.7
-1103	58.0	7.7
-1102	58.0	7.7
-1101	58.1	7.7
-1100	58.2	7.7
-1099	58.3	7.7
-1098	58.3	7.7
-1097	58.4	7.7
-1096	58.5	7.7
-1095	58.6	7.7
-1094	58.6	7.7
-1093	58.7	7.7
-1092	58.8	7.7
-1091	58.9	7.7
-1090	59.0	7.7
-1089	59.0	7.6
-1088	59.1	7.6
-1087	59.2	7.6
-1086	59.3	7.6
-1085	59.3	7.6
-1084	59.4	7.6
-1083	59.5	7.6
-1082	59.6	7.6
-1081	59.7	7.5
-1080	59.7	7.5
-1079	59.8	7.5
-1078	59.9	7.5
-1077	60.0	7.5
-1076	60.0	7.5
-1075	60.1	7.5
-1074	60.2	7.4
-1073	60.3	7.4
-1072	60.4	7.4
-1071	60.4	7.4
-1070	60.5	7.4
-1069	60.6	7.4
-1068	60.7	7.4
-1067	60.7	7.4
-1066	60.8	7.3
-1065	60.9	7.3
-1064	61.0	7.3
-1063	61.0	7.3
-1062	61.1	7.3
-1061	61.2	7.3
-1060	61.3	7.3
-1059	61.3	7.3
-1058	61.4	7.3
-1057	61.5	7.3
-1056	61.6	7.3
-1055	61.6	7.3
-1054	61.7	7.3
-1053	61.8	7.3
-1052	61.9	7.3
-1051	61.9	7.3
-1050	62.0	7.3
-1049	62.1	7.3
-1048	62.1	7.3
-1047	62.2	7.3
-1046	62.3	7.3
-1045	62.3	7.3
-1044	62.4	7.3
-1043	62.5	7.3
-1042	62.5	7.3
-1041	62.6	7.3
-1040	62.7	7.3
-1039	62.7	7.3
-1038	62.8	7.3
-1037	62.9	7.3
-1036	62.9	7.3
-1035	63.0	7.4
-1034	63.1	7.4
-1033	63.1	7.4
-1032	63.2	7.4
-1031	63.3	7.4
-1030	63.3	7.4
-1029	63.4	7.4
-1028	63.4	7.4
-1027	63.5	7.4
-1026	63.5	7.4
-1025	63.6	7.4
-1024	63.7	7.5
-1023	63.7	7.5
-1022	63.8	7.5
-1021	63.8	7.5
-1020	63.9	7.5
-1019	63.9	7.5
-1018	64.0	7.5
-1017	64.0	7.5
-1016	64.1	7.5
-1015	64.1	7.5
-1014	64.2	7.5
-1013	64.2	7.5
-1012	64.3	7.5
-1011	64.3	7.5
-1010	64.4	7.5
-1009	64.4	7.5
-1008	64.5	7.5
-1007	64.5	7.5
-1006	64.6	7.5
-1005	64.6	7.5
-1004	64.6	7.5
-1003	64.7	7.5
-1002	64.7	7.5
-1001	64.8	7.5
-1000	64.8	7.5
-999	64.8	7.5
-998	64.9	7.5
-997	64.9	7.5
-996	64.9	7.4
-995	65.0	7.4
-994	65.0	7.4
-993	65.0	7.4
-992	65.1	7.4
-991	65.1	7.4
-990	65.1	7.3
-989	65.2	7.3
-988	65.2	7.3
-987	65.2	7.3
-986	65.2	7.3
-985	65.3	7.2
-984	65.3	7.2
-983	65.3	7.2
-982	65.3	7.1
-981	65.3	7.1
-980	65.4	7.1
-979	65.4	7.1
-978	65.4	7.0
-977	65.4	7.0
-976	65.4	7.0
-975	65.4	6.9
-974	65.4	6.9
-973	65.4	6.8
-972	65.5	6.8
-971	65.5	6.8
-970	65.5	6.7
-969	65.5	6.7
-968	65.5	6.6
-967	65.5	6.6
-966	65.5	6.5
-965	65.5	6.5
-964	65.5	6.5
-963	65.5	6.4
-962	65.5	6.4
-961	65.5	6.3
-960	65.4	6.3
-959	65.4	6.2
-958	65.4	6.2
-957	65.4	6.1
-956	65.4	6.1
-955	65.4	6.0
-954	65.3	6.0
-953	65.3	5.9
-952	65.3	5.8
-951	65.3	5.8
-950	65.3	5.7
-949	65.2	5.7
-948	65.2	5.7
-947	65.2	5.6
-946	65.1	5.6
-945	65.1	5.5
-944	65.1	5.5
-943	65.0	5.4
-942	65.0	5.4
-941	64.9	5.4
-940	64.9	5.3
-939	64.8	5.3
-938	64.8	5.3
-937	64.7	5.2
-936	64.7	5.2
-935	64.6	5.2
-934	64.6	5.2
-933	64.5	5.2
-932	64.4	5.2
-931	64.4	5.2
-930	64.3	5.2
-929	64.2	5.2
-928	64.2	5.2
-927	64.1	5.2
-926	64.0	5.2
-925	63.9	5.2
-924	63.9	5.3
-923	63.8	5.3
-922	63.7	5.3
-921	63.6	5.4
-920	63.5	5.4
-919	63.4	5.4
-918	63.3	5.5
-917	63.2	5.5
-916	63.2	5.6
-915	63.0	5.6
-914	62.9	5.7
-913	62.8	5.7
-912	62.7	5.8
-911	62.6	5.9
-910	62.5	5.9
-909	62.4	6.0
-908	62.3	6.0
-907	62.2	6.1
-906	62.0	6.2
-905	61.9	6.2
-904	61.8	6.3
-903	61.7	6.3
-902	61.5	6.4
-901	61.4	6.4
-900	61.3	6.5
-899	61.1	6.5
-898	61.0	6.6
-897	60.9	6.6
-896	60.7	6.7
-895	60.6	6.7
-894	60.4	6.8
-893	60.3	6.8
-892	60.1	6.9
-891	60.0	6.9
-890	59.8	6.9
-889	59.7	7.0
-888	59.5	7.0
-887	59.4	7.0
-886	59.2	7.0
-885	59.0	7.1
-884	58.9	7.1
-883	58.7	7.1
-882	58.6	7.1
-881	58.4	7.1
-880	58.2	7.1
-879	58.1	7.1
-878	57.9	7.1
-877	57.7	7.1
-876	57.5	7.1
-875	57.4	7.1
-874	57.2	7.1
-873	57.0	7.1
-872	56.8	7.1
-871	56.7	7.1
-870	56.5	7.1
-869	56.3	7.1
-868	56.1	7.1
-867	56.0	7.0
-866	55.8	7.0
-865	55.6	7.0
-864	55.4	7.0
-863	55.2	7.0
-862	55.1	6.9
-861	54.9	6.9
-860	54.7	6.9
-859	54.5	6.8
-858	54.4	6.8
-857	54.2	6.8
-856	54.0	6.7
-855	53.8	6.7
-854	53.7	6.7
-853	53.5	6.6
-852	53.3	6.6
-851	53.1	6.5
-850	53.0	6.5
-849	52.8	6.4
-848	52.6	6.4
-847	52.5	6.3
-846	52.3	6.3
-845	52.1	6.2
-844	52.0	6.2
-843	51.8	6.1
-842	51.6	6.0
-841	51.5	6.0
-840	51.3	5.9
-839	51.2	5.9
-838	51.0	5.8
-837	50.9	5.7
-836	50.7	5.7
-835	50.6	5.6
-834	50.4	5.5
-833	50.3	5.4
-832	50.2	5.4
-831	50.0	5.3
-830	49.9	5.2
-829	49.8	5.2
-828	49.6	5.1
-827	49.5	5.0
-826	49.4	4.9
-825	49.3	4.9
-824	49.2	4.8
-823	49.0	4.7
-822	48.9	4.6
-821	48.8	4.6
-820	48.7	4.5
-819	48.6	4.4
-818	48.5	4.4
-817	48.5	4.3
-816	48.4	4.3
-815	48.3	4.2
-814	48.2	4.1
-813	48.2	4.1
-812	48.1	4.0
-811	48.0	4.0
-810	48.0	3.9
-809	47.9	3.9
-808	47.9	3.9
-807	47.8	3.8
-806	47.8	3.8
-805	47.7	3.8
-804	47.7	3.8
-803	47.7	3.8
-802	47.7	3.7
-801	47.7	3.7
-800	47.6	3.8
-799	47.6	3.8
-798	47.6	3.8
-797	47.6	3.8
-796	47.7	3.8
-795	47.7	3.8
-794	47.7	3.9
-793	47.7	3.9
-792	47.8	4.0
-791	47.8	4.0
-790	47.8	4.1
-789	47.9	4.1
-788	47.9	4.2
-787	48.0	4.2
-786	48.1	4.3
-785	48.1	4.4
-784	48.2	4.4
-783	48.3	4.5
-782	48.4	4.6
-781	48.5	4.7
-780	48.6	4.7
-779	48.7	4.8
-778	48.8	4.9
-777	48.9	5.0
-776	49.0	5.1
-775	49.1	5.1
-774	49.2	5.2
-773	49.4	5.3
-772	49.5	5.4
-771	49.6	5.5
-770	49.8	5.5
-769	49.9	5.6
-768	50.1	5.7
-767	50.2	5.8
-766	50.4	5.8
-765	50.6	5.9
-764	50.7	6.0
-763	50.9	6.0
-762	51.1	6.1
-761	51.3	6.2
-760	51.5	6.2
-759	51.6	6.3
-758	51.8	6.3
-757	52.0	6.4
-756	52.2	6.4
-755	52.4	6.5
-754	52.6	6.5
-753	52.8	6.6
-752	53.0	6.6
-751	53.2	6.7
-750	53.4	6.7
-749	53.6	6.8
-748	53.9	6.8
-747	54.1	6.8
-746	54.3	6.9
-745	54.5	6.9
-744	54.7	6.9
-743	54.9	6.9
-742	55.2	7.0
-741	55.4	7.0
-740	55.6	7.0
-739	55.8	7.1
-738	56.1	7.1
-737	56.3	7.1
-736	56.5	7.1
-735	56.7	7.1
-734	57.0	7.2
-733	57.2	7.2
-732	57.4	7.2
-731	57.7	7.2
-730	57.9	7.3
-729	58.1	7.3
-728	58.4	7.3
-727	58.6	7.3
-726	58.8	7.3
-725	59.1	7.4
-724	59.3	7.4
-723	59.5	7.4
-722	59.8	7.4
-721	60.0	7.5
-720	60.2	7.5
-719	60.5	7.5
-718	60.7	7.6
-717	60.9	7.6
-716	61.2	7.6
-715	61.4	7.7
-714	61.6	7.7
-713	61.9	7.7
-712	62.1	7.8
-711	62.3	7.8
-710	62.6	7.9
-709	62.8	7.9
-708	63.0	7.9
-707	63.3	8.0
-706	63.5	8.0
-705	63.7	8.1
-704	64.0	8.1
-703	64.2	8.2
-702	64.4	8.2
-701	64.7	8.3
-700	64.9	8.3
-699	65.1	8.4
-698	65.4	8.4
-697	65.6	8.5
-696	65.8	8.5
-695	66.1	8.6
-694	66.3	8.6
-693	66.5	8.7
-692	66.8	8.7
-691	67.0	8.8
-690	67.2	8.8
-689	67.5	8.9
-688	67.7	8.9
-687	67.9	9.0
-686	68.2	9.0
-685	68.4	9.1
-684	68.6	9.1
-683	68.9	9.2
-682	69.1	9.2
-681	69.3	9.3
-680	69.6	9.3
-679	69.8	9.4
-678	70.0	9.4
-677	70.3	9.5
-676	70.5	9.5
-675	70.7	9.6
-674	71.0	9.6
-673	71.2	9.6
-672	71.4	9.7
-671	71.6	9.7
-670	71.9	9.7
-669	72.1	9.7
-668	72.3	9.8
-667	72.6	9.8
-666	72.8	9.8
-665	73.0	9.8
-664	73.2	9.8
-663	73.5	9.8
-662	73.7	9.8
-661	73.9	9.8
-660	74.1	9.8
-659	74.3	9.8
-658	74.6	9.8
-657	74.8	9.8
-656	75.0	9.8
-655	75.2	9.8
-654	75.4	9.8
-653	75.6	9.8
-652	75.9	9.7
-651	76.1	9.7
-650	76.3	9.7
-649	76.5	9.6
-648	76.7	9.6
-647	76.9	9.6
-646	77.1	9.5
-645	77.3	9.5
-644	77.5	9.4
-643	77.7	9.4
-642	77.9	9.3
-641	78.1	9.3
-640	78.3	9.2
-639	78.5	9.2
-638	78.7	9.1
-637	78.9	9.0
-636	79.0	9.0
-635	79.2	8.9
-634	79.4	8.9
-633	79.6	8.8
-632	79.8	8.7
-631	79.9	8.7
-630	80.1	8.6
-629	80.3	8.5
-628	80.4	8.5
-627	80.6	8.4
-626	80.8	8.3
-625	80.9	8.3
-624	81.1	8.2
-623	81.2	8.1
-622	81.4	8.1
-621	81.5	8.0
-620	81.7	7.9
-619	81.8	7.9
-618	82.0	7.8
-617	82.1	7.8
-616	82.3	7.7
-615	82.4	7.7
-614	82.5	7.6
-613	82.7	7.6
-612	82.8	7.5
-611	82.9	7.5
-610	83.0	7.4
-609	83.2	7.4
-608	83.3	7.3
-607	83.4	7.3
-606	83.5	7.3
-605	83.6	7.2
-604	83.7	7.2
-603	83.8	7.2
-602	83.9	7.2
-601	84.0	7.1
-600	84.1	7.1
-599	84.2	7.1
-598	84.3	7.1
-597	84.4	7.0
-596	84.5	7.0
-595	84.6	7.0
-594	84.7	7.0
-593	84.8	7.0
-592	84.8	7.0
-591	84.9	7.0
-590	85.0	7.0
-589	85.1	6.9
-588	85.1	6.9
-587	85.2	6.9
-586	85.3	6.9
-585	85.3	6.9
-584	85.4	6.9
-583	85.4	6.9
-582	85.5	6.9
-581	85.6	6.9
-580	85.6	6.9
-579	85.7	6.9
-578	85.7	6.9
-577	85.7	6.9
-576	85.8	6.9
-575	85.8	6.9
-574	85.9	6.9
-573	85.9	6.9
-572	85.9	6.9
-571	86.0	6.9
-570	86.0	6.9
-569	86.0	6.9
-568	86.1	6.9
-567	86.1	6.9
-566	86.1	6.9
-565	86.1	6.9
-564	86.1	6.9
-563	86.2	6.9
-562	86.2	6.9
-561	86.2	6.9
-560	86.2	6.9
-559	86.2	6.9
-558	86.2	6.8
-557	86.2	6.8
-556	86.2	6.8
-555	86.2	6.8
-554	86.2	6.8
-553	86.2	6.8
-552	86.2	6.8
-551	86.2	6.8
-550	86.2	6.8
-549	86.1	6.8
-548	86.1	6.8
-547	86.1	6.8
-546	86.1	6.8
-545	86.1	6.8
-544	86.0	6.8
-543	86.0	6.8
-542	86.0	6.8
-541	86.0	6.8
-540	85.9	6.8
-539	85.9	6.8
-538	85.9	6.8
-537	85.8	6.8
-536	85.8	6.7
-535	85.7	6.7
-534	85.7	6.7
-533	85.7	6.7
-532	85.6	6.7
-531	85.6	6.7
-530	85.5	6.7
-529	85.5	6.7
-528	85.4	6.7
-527	85.3	6.7
-526	85.3	6.7
-525	85.2	6.7
-524	85.2	6.7
-523	85.1	6.7
-522	85.0	6.8
-521	85.0	6.8
-520	84.9	6.8
-519	84.8	6.8
-518	84.8	6.8
-517	84.7	6.8
-516	84.6	6.8
-515	84.5	6.8
-514	84.5	6.8
-513	84.4	6.8
-512	84.3	6.8
-511	84.2	6.8
-510	84.1	6.8
-509	84.1	6.8
-508	84.0	6.8
-507	83.9	6.8
-506	83.8	6.8
-505	83.7	6.9
-504	83.6	6.9
-503	83.5	6.9
-502	83.4	6.9
-501	83.3	6.9
-500	83.2	6.9
-499	83.1	6.9
-498	83.0	6.9
-497	82.9	6.9
-496	82.8	6.9
-495	82.7	6.9
-494	82.6	6.9
-493	82.5	6.9
-492	82.4	6.9
-491	82.3	6.9
-490	82.2	6.9
-489	82.1	6.9
-488	82.0	6.9
-487	81.9	6.9
-486	81.8	6.9
-485	81.7	6.9
-484	81.6	6.9
-483	81.4	6.9
-482	81.3	6.8
-481	81.2	6.8
-480	81.1	6.8
-479	81.0	6.8
-478	80.9	6.8
-477	80.8	6.8
-476	80.7	6.8
-475	80.5	6.7
-474	80.4	6.7
-473	80.3	6.7
-472	80.2	6.7
-471	80.1	6.6
-470	80.0	6.6
-469	79.9	6.6
-468	79.8	6.6
-467	79.6	6.5
-466	79.5	6.5
-465	79.4	6.5
-464	79.3	6.4
-463	79.2	6.4
-462	79.1	6.3
-461	79.0	6.3
-460	78.9	6.3
-459	78.8	6.2
-458	78.6	6.2
-457	78.5	6.1
-456	78.4	6.1
-455	78.3	6.0
-454	78.2	6.0
-453	78.1	6.0
-452	78.0	5.9
-451	77.9	5.9
-450	77.8	5.8
-449	77.7	5.8
-448	77.6	5.7
-447	77.5	5.7
-446	77.4	5.6
-445	77.3	5.6
-444	77.2	5.5
-443	77.1	5.5
-442	77.0	5.4
-441	76.9	5.4
-440	76.8	5.3
-439	76.7	5.3
-438	76.6	5.3
-437	76.5	5.2
-436	76.4	5.2
-435	76.3	5.1
-434	76.2	5.1
-433	76.1	5.1
-432	76.0	5.0
-431	75.9	5.0
-430	75.8	4.9
-429	75.7	4.9
-428	75.6	4.9
-427	75.5	4.9
-426	75.4	4.8
-425	75.3	4.8
-424	75.2	4.8
-423	75.1	4.8
-422	75.0	4.8
-421	74.9	4.8
-420	74.8	4.7
-419	74.7	4.7
-418	74.6	4.7
-417	74.6	4.7
-416	74.4	4.7
-415	74.3	4.7
-414	74.2	4.7
-413	74.1	4.8
-412	74.0	4.8
-411	73.9	4.8
-410	73.8	4.8
-409	73.7	4.8
-408	73.6	4.8
-407	73.5	4.9
-406	73.4	4.9
-405	73.3	4.9
-404	73.2	5.0
-403	73.1	5.0
-402	72.9	5.0
-401	72.8	5.1
-400	72.7	5.1
-399	72.6	5.2
-398	72.5	5.2
-397	72.3	5.2
-396	72.2	5.3
-395	72.1	5.3
-394	71.9	5.4
-393	71.8	5.4
-392	71.7	5.5
-391	71.5	5.5
-390	71.4	5.6
-389	71.3	5.7
-388	71.1	5.7
-387	71.0	5.8
-386	70.8	5.8
-385	70.7	5.9
-384	70.5	5.9
-383	70.4	6.0
-382	70.2	6.1
-381	70.1	6.1
-380	69.9	6.2
-379	69.8	6.2
-378	69.6	6.3
-377	69.4	6.3
-376	69.3	6.4
-375	69.1	6.4
-374	68.9	6.5
-373	68.8	6.5
-372	68.6	6.6
-371	68.4	6.6
-370	68.2	6.7
-369	68.1	6.7
-368	67.9	6.8
-367	67.7	6.8
-366	67.5	6.8
-365	67.4	6.9
-364	67.2	6.9
-363	67.0	6.9
-362	66.8	7.0
-361	66.6	7.0
-360	66.4	7.0
-359	66.3	7.0
-358	66.1	7.1
-357	65.9	7.1
-356	65.7	7.1
-355	65.5	7.1
-354	65.3	7.1
-353	65.1	7.1
-352	65.0	7.1
-351	64.8	7.1
-350	64.6	7.1
-349	64.4	7.1
-348	64.2	7.1
-347	64.1	7.1
-346	63.9	7.1
-345	63.7	7.1
-344	63.5	7.1
-343	63.4	7.1
-342	63.2	7.1
-341	63.0	7.1
-340	62.9	7.1
-339	62.7	7.0
-338	62.5	7.0
-337	62.4	7.0
-336	62.2	7.0
-335	62.1	7.0
-334	61.9	7.0
-333	61.8	7.0
-332	61.6	7.0
-331	61.5	7.0
-330	61.4	7.0
-329	61.2	7.0
-328	61.1	7.0
-327	61.0	7.0
-326	60.8	7.0
-325	60.7	7.0
-324	60.6	7.0
-323	60.5	7.0
-322	60.4	7.0
-321	60.2	7.1
-320	60.1	7.1
-319	60.0	7.1
-318	59.9	7.2
-317	59.8	7.2
-316	59.7	7.2
-315	59.6	7.3
-314	59.5	7.4
-313	59.4	7.4
-312	59.3	7.5
-311	59.3	7.5
-310	59.2	7.6
-309	59.1	7.7
-308	59.0	7.7
-307	58.9	7.8
-306	58.8	7.9
-305	58.8	8.0
-304	58.7	8.1
-303	58.6	8.2
-302	58.6	8.2
-301	58.5	8.3
-300	58.4	8.4
-299	58.4	8.5
-298	58.3	8.6
-297	58.2	8.7
-296	58.2	8.8
-295	58.1	8.9
-294	58.0	9.0
-293	58.0	9.1
-292	57.9	9.2
-291	57.9	9.3
-290	57.8	9.4
-289	57.8	9.4
-288	57.7	9.5
-287	57.7	9.6
-286	57.6	9.7
-285	57.6	9.8
-284	57.5	9.9
-283	57.5	9.9
-282	57.4	10.0
-281	57.4	10.1
-280	57.3	10.1
-279	57.3	10.2
-278	57.2	10.3
-277	57.2	10.3
-276	57.1	10.4
-275	57.1	10.4
-274	57.0	10.5
-273	57.0	10.5
-272	57.0	10.6
-271	56.9	10.6
-270	56.9	10.6
-269	56.8	10.6
-268	56.8	10.7
-267	56.8	10.7
-266	56.7	10.7
-265	56.7	10.7
-264	56.7	10.7
-263	56.6	10.7
-262	56.6	10.7
-261	56.5	10.7
-260	56.5	10.7
-259	56.5	10.7
-258	56.5	10.7
-257	56.4	10.7
-256	56.4	10.6
-255	56.4	10.6
-254	56.3	10.6
-253	56.3	10.6
-252	56.3	10.5
-251	56.3	10.5
-250	56.3	10.5
-249	56.2	10.4
-248	56.2	10.4
-247	56.2	10.4
-246	56.2	10.3
-245	56.2	10.3
-244	56.2	10.2
-243	56.2	10.2
-242	56.2	10.1
-241	56.1	10.1
-240	56.1	10.1
-239	56.1	10.0
-238	56.1	10.0
-237	56.1	9.9
-236	56.2	9.9
-235	56.2	9.8
-234	56.2	9.8
-233	56.2	9.8
-232	56.2	9.7
-231	56.2	9.7
-230	56.2	9.7
-229	56.3	9.7
-228	56.3	9.6
-227	56.3	9.6
-226	56.3	9.6
-225	56.4	9.6
-224	56.4	9.6
-223	56.4	9.6
-222	56.5	9.6
-221	56.5	9.6
-220	56.6	9.6
-219	56.6	9.6
-218	56.7	9.6
-217	56.7	9.6
-216	56.8	9.6
-215	56.8	9.7
-214	56.9	9.7
-213	56.9	9.7
-212	57.0	9.8
-211	57.1	9.8
-210	57.2	9.9
-209	57.2	9.9
-208	57.3	10.0
-207	57.4	10.0
-206	57.5	10.1
-205	57.5	10.1
-204	57.6	10.2
-203	57.7	10.2
-202	57.8	10.3
-201	57.9	10.4
-200	58.0	10.4
-199	58.1	10.5
-198	58.2	10.6
-197	58.3	10.6
-196	58.4	10.7
-195	58.5	10.8
-194	58.6	10.8
-193	58.7	10.9
-192	58.8	11.0
-191	58.9	11.0
-190	59.0	11.1
-189	59.1	11.2
-188	59.2	11.2
-187	59.3	11.3
-186	59.4	11.4
-185	59.6	11.4
-184	59.7	11.5
-183	59.8	11.5
-182	59.9	11.6
-181	60.0	11.6
-180	60.1	11.7
-179	60.3	11.7
-178	60.4	11.7
-177	60.5	11.8
-176	60.6	11.8
-175	60.7	11.8
-174	60.8	11.8
-173	61.0	11.9
-172	61.1	11.9
-171	61.2	11.9
-170	61.3	11.9
-169	61.4	11.9
-168	61.5	11.9
-167	61.7	11.9
-166	61.8	11.9
-165	61.9	11.8
-164	62.0	11.8
-163	62.1	11.8
-162	62.2	11.8
-161	62.4	11.7
-160	62.5	11.7
-159	62.6	11.6
-158	62.7	11.6
-157	62.8	11.5
-156	62.9	11.5
-155	63.0	11.4
-154	63.1	11.4
-153	63.2	11.3
-152	63.3	11.2
-151	63.5	11.1
-150	63.6	11.1
-149	63.7	11.0
-148	63.8	10.9
-147	63.9	10.8
-146	64.0	10.7
-145	64.1	10.6
-144	64.2	10.5
-143	64.3	10.4
-142	64.4	10.3
-141	64.5	10.2
-140	64.6	10.0
-139	64.6	9.9
-138	64.7	9.8
-137	64.8	9.7
-136	64.9	9.5
-135	65.0	9.4
-134	65.1	9.3
-133	65.2	9.1
-132	65.3	9.0
-131	65.4	8.9
-130	65.4	8.7
-129	65.5	8.6
-128	65.6	8.5
-127	65.7	8.3
-126	65.8	8.2
-125	65.8	8.1
-124	65.9	7.9
-123	66.0	7.8
-122	66.1	7.7
-121	66.1	7.5
-120	66.2	7.4
-119	66.3	7.3
-118	66.3	7.1
-117	66.4	7.0
-116	66.5	6.9
-115	66.5	6.8
-114	66.6	6.7
-113	66.6	6.6
-112	66.7	6.5
-111	66.8	6.3
-110	66.8	6.2
-109	66.9	6.2
-108	66.9	6.1
-107	67.0	6.0
-106	67.0	5.9
-105	67.1	5.8
-104	67.1	5.8
-103	67.1	5.7
-102	67.2	5.6
-101	67.2	5.6
-100	67.2	5.5
-99	67.3	5.5
-98	67.3	5.4
-97	67.3	5.4
-96	67.3	5.4
-95	67.3	5.4
-94	67.4	5.3
-93	67.4	5.3
-92	67.4	5.3
-91	67.4	5.3
-90	67.4	5.3
-89	67.4	5.3
-88	67.4	5.3
-87	67.4	5.3
-86	67.4	5.3
-85	67.4	5.3
-84	67.3	5.3
-83	67.3	5.3
-82	67.3	5.3
-81	67.3	5.3
-80	67.2	5.3
-79	67.2	5.3
-78	67.2	5.3
-77	67.1	5.3
-76	67.1	5.3
-75	67.0	5.3
-74	67.0	5.3
-73	66.9	5.3
-72	66.9	5.3
-71	66.8	5.3
-70	66.8	5.3
-69	66.7	5.2
-68	66.6	5.2
-67	66.6	5.2
-66	66.5	5.2
-65	66.4	5.1
-64	66.4	5.1
-63	66.3	5.1
-62	66.2	5.0
-61	66.2	5.0
-60	66.1	5.0
-59	66.0	4.9
-58	65.9	4.9
-57	65.9	4.8
-56	65.8	4.8
-55	65.7	4.7
-54	65.6	4.7
-53	65.6	4.6
-52	65.5	4.6
-51	65.4	4.5
-50	65.3	4.5
-49	65.3	4.4
-48	65.2	4.3
-47	65.1	4.3
-46	65.0	4.2
-45	65.0	4.2
-44	64.9	4.1
-43	64.9	4.1
-42	64.8	4.0
-41	64.7	4.0
-40	64.7	3.9
-39	64.6	3.9
-38	64.6	3.8
-37	64.5	3.8
-36	64.5	3.8
-35	64.4	3.7
-34	64.4	3.7
-33	64.4	3.7
-32	64.3	3.6
-31	64.3	3.6
-30	64.2	3.6
-29	64.2	3.5
-28	64.2	3.5
-27	64.2	3.5
-26	64.1	3.5
-25	64.1	3.5
-24	64.1	3.5
-23	64.1	3.5
-22	64.1	3.5
-21	64.1	3.4
-20	64.0	3.4
-19	64.0	3.4
-18	64.0	3.4
-17	64.0	3.4
-16	64.0	3.4
-15	64.0	3.4
-14	64.0	3.4
-13	64.0	3.4
-12	64.0	3.4
-11	64.0	3.4
-10	64.0	3.4
-9	64.0	3.5
-8	64.0	3.5
-7	64.0	3.5
-6	64.0	3.5
-5	64.1	3.5
-4	64.1	3.5
-3	64.1	3.5
-2	64.1	3.5
-1	64.1	3.5
0	64.1	3.5
1	64.1	3.5
2	64.2	3.5
3	64.2	3.5
4	64.2	3.5
5	64.2	3.5
6	64.2	3.5
7	64.3	3.5
8	64.3	3.5
9	64.3	3.6
10	64.3	3.6
11	64.4	3.6
12	64.4	3.6
13	64.4	3.6
14	64.4	3.6
15	64.5	3.6
16	64.5	3.6
17	64.5	3.6
18	64.6	3.6
19	64.6	3.6
20	64.6	3.6
21	64.7	3.6
22	64.7	3.6
23	64.8	3.6
24	64.8	3.6
25	64.8	3.6
26	64.9	3.6
27	64.9	3.6
28	65.0	3.6
29	65.0	3.6
30	65.1	3.6
31	65.1	3.6
32	65.1	3.6
33	65.2	3.6
34	65.2	3.6
35	65.3	3.6
36	65.3	3.6
37	65.4	3.6
38	65.4	3.6
39	65.5	3.6
40	65.5	3.6
41	65.6	3.6
42	65.6	3.6
43	65.6	3.6
44	65.7	3.5
45	65.7	3.5
46	65.8	3.5
47	65.8	3.5
48	65.9	3.5
49	65.9	3.5
50	65.9	3.4
51	66.0	3.4
52	66.0	3.4
53	66.1	3.4
54	66.1	3.4
55	66.1	3.3
56	66.2	3.3
57	66.2	3.3
58	66.2	3.3
59	66.3	3.3
60	66.3	3.3
61	66.3	3.2
62	66.3	3.2
63	66.4	3.2
64	66.4	3.2
65	66.4	3.2
66	66.4	3.2
67	66.4	3.2
68	66.4	3.2
69	66.5	3.2
70	66.5	3.2
71	66.5	3.2
72	66.5	3.2
73	66.5	3.2
74	66.5	3.2
75	66.5	3.2
76	66.5	3.2
77	66.5	3.2
78	66.4	3.2
79	66.4	3.2
80	66.4	3.2
81	66.4	3.2
82	66.4	3.3
83	66.4	3.3
84	66.4	3.3
85	66.3	3.3
86	66.3	3.3
87	66.3	3.4
88	66.3	3.4
89	66.2	3.4
90	66.2	3.4
91	66.2	3.4
92	66.1	3.5
93	66.1	3.5
94	66.1	3.5
95	66.0	3.5
96	66.0	3.5
97	66.0	3.6
98	65.9	3.6
99	65.9	3.6
100	65.9	3.6
101	65.8	3.6
102	65.8	3.6
103	65.8	3.7
104	65.7	3.7
105	65.7	3.7
106	65.7	3.7
107	65.6	3.7
108	65.6	3.7
109	65.6	3.7
110	65.5	3.7
111	65.5	3.8
112	65.5	3.8
113	65.5	3.8
114	65.4	3.8
115	65.4	3.8
116	65.4	3.8
117	65.4	3.8
118	65.4	3.8
119	65.3	3.8
120	65.3	3.8
121	65.3	3.8
122	65.3	3.8
123	65.3	3.8
124	65.3	3.8
125	65.3	3.8
126	65.3	3.8
127	65.3	3.8
128	65.3	3.8
129	65.3	3.8
130	65.3	3.8
131	65.3	3.8
132	65.3	3.8
133	65.3	3.8
134	65.3	3.8
135	65.3	3.8
136	65.3	3.8
137	65.3	3.8
138	65.3	3.8
139	65.4	3.8
140	65.4	3.9
141	65.4	3.9
142	65.4	3.9
143	65.5	3.9
144	65.5	3.9
145	65.5	3.9
146	65.6	3.9
147	65.6	4.0
148	65.6	4.0
149	65.7	4.0
150	65.7	4.0
151	65.8	4.1
152	65.8	4.1
153	65.9	4.1
154	65.9	4.2
155	66.0	4.2
156	66.0	4.2
157	66.1	4.3
158	66.1	4.3
159	66.2	4.4
160	66.2	4.4
161	66.3	4.5
162	66.3	4.5
163	66.4	4.6
164	66.5	4.6
165	66.5	4.7
166	66.6	4.8
167	66.7	4.8
168	66.7	4.9
169	66.8	5.0
170	66.9	5.0
171	66.9	5.1
172	67.0	5.2
173	67.1	5.3
174	67.1	5.3
175	67.2	5.4
176	67.3	5.5
177	67.3	5.6
178	67.4	5.7
179	67.5	5.7
180	67.6	5.8
181	67.6	5.9
182	67.7	6.0
183	67.8	6.1
184	67.9	6.2
185	67.9	6.3
186	68.0	6.4
187	68.1	6.5
188	68.1	6.6
189	68.2	6.7
190	68.3	6.8
191	68.4	6.9
192	68.4	7.0
193	68.5	7.1
194	68.6	7.2
195	68.7	7.3
196	68.8	7.4
197	68.8	7.5
198	68.9	7.6
199	69.0	7.7
200	69.1	7.8
