hz11a frag. -1050.00 50.0000 69.7275 5 12.8618 0.643092 1a 
hz11b frag. -1050.00 50.0000 62.3357 5 11.4984 0.574918 1a 
hz11c frag. -1050.00 50.0000 60.6024 5 11.1786 0.579245 1a 
hz10b frag. -950.000 50.0000 78.7811 5 14.5319 0.726593 2a 
hz10c frag. -950.000 50.0000 66.0571 5 12.1848 0.609240 2a 
hz10d frag. -950.000 50.0000 67.1990 5 12.3954 0.619772 2a 
hz09a frag. -950.000 50.0000 67.5354 5 12.4575 0.622875 3a 
hz07a frag. -850.000 50.0000 65.6288 5 12.1058 0.605291 0 
hz07b frag. -850.000 50.0000 73.4386 5 13.5464 0.677320 0 
hz07c frag. -850.000 50.0000 58.1963 5 10.7348 0.613096 0 
hz07d frag. -850.000 50.0000 69.9620 5 12.9051 0.645255 0 
hz07e frag. -850.000 50.0000 77.2722 5 14.2535 0.712677 0 
hz05a frag. -766.000 50.0000 89.8739 5 16.5780 0.828901 0 
hz05b frag. -766.000 50.0000 77.1702 5 14.2347 0.844417 0 
hz05c frag. -766.000 50.0000 84.7761 5 15.6377 0.781885 0 
hz05e frag. -766.000 50.0000 68.9220 5 12.7133 0.635664 0 
hz05f frag. -766.000 50.0000 83.1142 5 15.3312 0.766558 0 
hz05g frag. -766.000 50.0000 74.6927 5 13.7777 0.688886 0 
hz06a frag. -766.000 50.0000 69.1361 5 12.7528 0.637638 0 
hz06b frag. -766.000 50.0000 72.0419 5 13.2888 0.664438 0 
hz06c frag. -766.000 50.0000 79.2093 5 14.6109 0.730543 0 
mgk06a frag. -1155.00 50.0000 68.2754 5 12.5940 0.629700 0 
mgk06b frag. -1155.00 50.0000 63.9287 5 11.7922 0.589611 0 
mgk06c frag. -1155.00 50.0000 63.9390 5 11.7941 0.589705 0 
mgk06d frag. -1155.00 50.0000 62.2167 5 11.4764 0.573821 0 
mgh12 frag. -1125.00 50.0000 62.2577 5 11.4840 0.574199 0 
mgh09h frag. -1000.00 50.0000 68.1114 5 12.5637 0.628187 0 
mgh09j frag. -1000.00 50.0000 75.5643 5 13.9385 0.696925 0 
mgh09k frag. -1000.00 50.0000 85.0162 5 15.6820 0.784099 0 
mgh09l frag. -1000.00 50.0000 85.6826 5 15.8049 0.790245 0 
mgh09m frag. -1000.00 50.0000 68.8187 5 12.6942 0.634711 0 
mgh07b frag. -900.000 50.0000 76.5382 5 14.1181 0.705907 0 
mgh07d frag. -900.000 50.0000 69.5158 5 12.8228 0.641140 0 
mgq05t1 frag. -900.000 50.0000 70.3975 5 12.9854 0.649272 0 
mgq05t2 frag. -900.000 50.0000 65.7843 5 12.1345 0.606724 0 
mgh03b frag. -766.000 50.0000 77.0097 5 14.2051 0.710256 0 
mgh03f frag. -766.000 50.0000 82.4841 5 15.2149 0.760746 0 
mgh03g frag. -766.000 50.0000 95.7906 5 17.6694 0.883471 0 
mgh03h frag. -766.000 50.0000 77.7684 5 14.3451 0.717253 0 
mgh03i frag. -766.000 50.0000 81.8690 5 15.1015 0.755073 0 
mgh03j frag. -766.000 50.0000 91.9975 5 16.9698 0.848488 0 
e10482a frag. -864.000 50.0000 68.9524 5 12.7189 0.635944 0 
x00674b frag. -998.000 50.0000 83.3962 5 15.3832 0.769159 0 
s1s84 frag. -1032.50 50.0000 84.1501 5 15.5222 0.776111 1b 
s1s94 frag. -1032.50 50.0000 76.8160 5 14.1694 0.708470 1b 
s1s90 frag. -1032.50 50.0000 79.5902 5 14.6811 0.734056 1b 
s1s72 frag. -1017.50 50.0000 70.6299 5 13.0283 0.651415 2b 
s1s71 frag. -1017.50 50.0000 75.6681 5 13.9576 0.697882 2b 
s1s81 frag. -1017.50 50.0000 72.3837 5 13.3518 0.667591 2b 
s1s53 frag. -998.500 50.0000 77.7301 5 14.3380 0.716900 3b 
s1s54 frag. -998.500 50.0000 73.7549 5 13.6047 0.680237 3b 
s1s61 frag. -998.500 50.0000 80.9507 5 14.9321 0.746603 3b 
s1s47 frag. -980.500 50.0000 78.5804 5.44207 14.4949 1.00384 4b 
s1s48 frag. -980.500 50.0000 73.2128 5 13.5047 0.675237 4b 
s1s52 frag. -980.500 50.0000 101.348 5.06739 18.6945 0.934725 4b 
s1s100 frag. -980.500 50.0000 95.5869 5 17.6318 0.881592 4b 
s1s110 frag. -980.500 50.0000 78.0490 5 14.3968 0.719841 4b 
s1s44 frag. -963.000 50.0000 87.5514 5 16.1496 0.807481 5b 
s1s124 frag. -963.000 50.0000 75.9763 5 14.0145 0.700725 5b 
s1s119 frag. -963.000 50.0000 73.9249 5 13.6361 0.681805 5b 
s1s33 frag. -947.000 50.0000 71.2889 5 13.1499 0.725428 6b 
s1s37 frag. -947.000 50.0000 75.8807 5.97352 13.9969 1.10187 6b 
s1s40a frag. -947.000 50.0000 74.5520 5 13.7518 0.687589 6b 
s1s42 frag. -947.000 50.0000 77.5388 5 14.3027 0.715136 6b 
s1s19 frag. -934.500 50.0000 76.1783 5 14.0518 0.786207 7b 
s1s20 frag. -934.500 50.0000 78.1340 5 14.4125 0.720625 7b 
s1s24 frag. -934.500 50.0000 87.5939 5 16.1575 0.807873 7b 
s1s12 frag. -921.500 50.0000 73.2447 5 13.5106 0.675531 8b 
s1s14 frag. -921.500 50.0000 69.2375 5 12.7715 0.654846 8b 
s1s16 frag. -921.500 50.0000 74.7646 5 13.7910 0.689550 8b 
s1s3 frag. -904.000 50.0000 71.9692 5 13.2753 0.663767 9b 
s1s6 frag. -904.000 50.0000 76.9542 5 14.1949 0.709744 9b 
s1s7 frag. -904.000 50.0000 76.9861 5 14.2008 0.710038 9b 
s1s9 frag. -904.000 50.0000 66.4846 5 12.2637 0.613183 9b 
s2s0 frag. -892.500 50.0000 85.6062 5 15.7908 0.789541 10b 
jh03a frag. -716.500 50.0000 64.1924 5.1022 11.8408 0.941146 0 
jh06b frag. -716.500 50.0000 87.2145 5 16.0875 0.804374 0 
jh12a frag. -716.500 50.0000 80.8886 5 14.9206 0.746030 0 
jh10a frag. -716.500 50.0000 74.0442 5 13.6581 0.682905 0 
jh15d frag. -675.500 50.0000 66.4738 5 12.2617 0.613084 0 
jh20a frag. -675.500 50.0000 74.2516 5 13.6964 0.684818 0 
jh21a frag. -675.500 50.0000 81.5108 5 15.0354 0.751769 0 
jh24a frag. -702.500 50.0000 79.5404 5 14.6719 0.733597 0 
jh24d frag. -702.500 50.0000 75.7034 5 13.9642 0.698208 0 
jh24c frag. -702.500 50.0000 70.7256 5 13.0460 0.652298 0 
jh25b frag. -690.000 60.0000 68.3405 5 12.6060 0.630300 0 
jh27a frag. -608.000 50.0000 74.9775 5 13.8303 0.691513 0 
jh28a frag. -608.000 50.0000 74.0442 5 13.6581 0.682905 0 
jh55a frag. -553.000 50.0000 70.7256 5 13.0460 0.652298 0 
jh56a frag. -553.000 50.0000 67.0960 5 12.3765 0.618823 0 
jh57b frag. -553.000 50.0000 66.7849 5 12.3191 0.615953 0 
SY01 frag. -770.000 50.0000 71.7553 5 13.2359 0.661795 0 
SY01 frag. -770.000 50.0000 71.5560 5 13.1991 0.659956 0 
SY01 frag. -770.000 50.0000 69.0645 5 12.7395 0.636977 0 
SY01 frag. -770.000 50.0000 71.3566 5 13.1624 0.658118 0 
SY01 frag. -770.000 50.0000 69.8617 5 12.8866 0.644331 0 
SY01 frag. -770.000 50.0000 73.2502 5 13.5116 0.675582 0 
SY01 frag. -770.000 50.0000 77.1369 5 14.2286 0.711429 0 
SY01 frag. -770.000 50.0000 75.5424 5 13.9345 0.696723 0 
SY03 frag. -770.000 50.0000 79.3295 5 14.6330 0.731651 0 
SY03 frag. -770.000 50.0000 73.5492 5 13.5668 0.678339 0 
SY03 frag. -770.000 50.0000 79.7281 5 14.7065 0.735327 0 
SY03 frag. -770.000 50.0000 80.5254 5 14.8536 0.742680 0 
Lot05 frag. -1150.00 50.0000 54.0712 5 9.97390 0.498695 0 
Lot05 frag. -1150.00 50.0000 59.0501 5 10.8923 0.697989 0 
Lot05 frag. -1150.00 50.0000 60.6434 5 11.1862 0.559310 0 
Lot05 frag. -1150.00 50.0000 62.6349 5 11.5536 0.679622 0 
Lot05 frag. -1150.00 50.0000 61.6391 5 11.3699 0.569413 0 
Lot05 frag. -1150.00 50.0000 63.1328 5 11.6454 0.582270 0 
Lot05 frag. -1150.00 50.0000 54.5691 5 10.0657 0.503287 0 
TM01 frag. -725.000 50.0000 68.3190 5 12.6020 0.630102 0 
TM01 frag. -725.000 50.0000 70.7232 5 13.0455 0.652276 0 
TM01 frag. -725.000 50.0000 70.3225 5 12.9716 0.648580 0 
TM01 frag. -725.000 50.0000 76.2328 5 14.0618 0.703091 0 
TM01 frag. -725.000 50.0000 74.7302 5 13.7846 0.689232 0 
TM01 frag. -725.000 50.0000 69.0202 5 12.7314 0.636569 0 
Lot28 frag. -725.000 50.0000 76.0325 5 14.0249 0.702168 0 
Lot28 frag. -725.000 50.0000 70.1222 5 12.9347 0.646733 0 
Lot28 frag. -725.000 50.0000 71.1239 5 13.1194 0.665211 0 
Lot28 frag. -725.000 50.0000 75.2311 5 13.8770 0.702167 0 
Lot28 frag. -725.000 50.0000 70.6230 5 13.0270 0.651352 0 
Lot28 frag. -725.000 50.0000 73.5281 5 13.5629 0.683688 0 
Lot28 frag. -725.000 50.0000 75.1309 5 13.8586 0.702167 0 
Lot28 frag. -725.000 50.0000 76.3330 5 14.0803 0.704015 0 
Lot29 frag. -650.000 50.0000 74.8304 5 13.8031 0.690156 0 
Lot29 frag. -650.000 50.0000 72.2258 5 13.3227 0.666134 0 
Lot29 frag. -650.000 50.0000 76.4332 5 14.0988 0.704938 0 
Lot29 frag. -650.000 50.0000 75.9323 5 14.0064 0.702168 0 
Lot31 frag. -575.000 50.0000 70.7085 5 13.0428 0.653956 0 
Lot31 frag. -575.000 50.0000 68.4435 5 12.6250 0.635791 0 
Lot31 frag. -575.000 50.0000 69.3298 5 12.7885 0.639425 0 
Lot31 frag. -575.000 50.0000 68.4435 5 12.6250 0.635791 0 
Lot31 frag. -575.000 50.0000 69.6253 5 12.8430 0.642149 0 
Lot31 frag. -575.000 50.0000 68.8374 5 12.6977 0.635792 0 
Lot31 frag. -575.000 50.0000 67.9511 5 12.5342 0.635792 0 
AT1 struct. -1050.00 150.000 96.2021 6.69224 17.7453 1.23444 0 
KITPIIf1 frag. -725.000 75.0000 86.9016 5 16.0298 0.801488 0 
KITPIIf2 frag. -725.000 75.0000 76.5515 5 14.1206 0.706030 0 
TT1 struct. -672.000 50.0000 94.7077 5 17.4697 0.873483 0 
