hz11a frag. -1050.00 50.0000 69.7275 6 12.8618 5.642891E-03 1a 
hz11b frag. -1050.00 50.0000 62.3357 6 11.4984 1.504517E-02 1a 
hz11c frag. -1050.00 50.0000 60.6024 6 11.1786 0.579245 1a 
hz10b frag. -950.000 50.0000 78.7811 6 14.5319 9.404182E-03 2a 
hz10c frag. -950.000 50.0000 66.0571 6 12.1848 0.545391 2a 
hz10d frag. -950.000 50.0000 67.1990 6 12.3954 0.235083 2a 
hz09a frag. -950.000 50.0000 67.5354 6 12.4575 0.306547 3a 
hz07a frag. -850.000 50.0000 65.6288 6 12.1058 3.949356E-02 0 
hz07b frag. -850.000 50.0000 73.4386 6 13.5464 9.403324E-02 0 
hz07c frag. -850.000 50.0000 58.1963 6 10.7348 0.613096 0 
hz07d frag. -850.000 50.0000 69.9620 6 12.9051 0.526586 0 
hz07e frag. -850.000 50.0000 77.2722 6 14.2535 0.289621 0 
hz05a frag. -766.000 34.0000 89.8739 6 16.5780 5.077744E-02 0 
hz05b frag. -766.000 34.0000 77.1702 6 14.2347 0.844417 0 
hz05c frag. -766.000 34.0000 84.7761 6 15.6377 6.394100E-02 0 
hz05e frag. -766.000 34.0000 68.9220 6 12.7133 7.334614E-02 0 
hz05f frag. -766.000 34.0000 83.1142 6 15.3312 0.357326 0 
hz05g frag. -766.000 34.0000 74.6927 6 13.7777 0.325355 0 
hz06a frag. -766.000 34.0000 69.1361 6 12.7528 0.586766 0 
hz06b frag. -766.000 34.0000 72.0419 6 13.2888 0.142931 0 
hz06c frag. -766.000 34.0000 79.2093 6 14.6109 5.641937E-03 0 
mgk06a frag. -1155.00 25.0000 68.2754 6 12.5940 0.156953 0 
mgk06b frag. -1155.00 25.0000 63.9287 6 11.7922 0.572970 0 
mgk06c frag. -1155.00 25.0000 63.9390 6 11.7941 0.463293 0 
mgk06d frag. -1155.00 25.0000 62.2167 6 11.4764 8.698559E-02 0 
mgh12 frag. -1125.00 25.0000 62.2577 6 11.4840 0.121023 0 
mgh09h frag. -1000.00 50.0000 68.1114 6 12.5637 5.861950E-02 0 
mgh09j frag. -1000.00 50.0000 75.5643 6 13.9385 5.673409E-03 0 
mgh09k frag. -1000.00 50.0000 85.0162 6 15.6820 1.134682E-02 0 
mgh09l frag. -1000.00 50.0000 85.6826 6 15.8049 8.698654E-02 0 
mgh09m frag. -1000.00 50.0000 68.8187 6 12.6942 0.512460 0 
mgh07b frag. -900.000 50.0000 76.5382 6 14.1181 0.478419 0 
mgh07d frag. -900.000 50.0000 69.5158 6 12.8228 0.455728 0 
mgq05t1 frag. -900.000 50.0000 70.3975 6 12.9854 0.130479 0 
mgq05t2 frag. -900.000 50.0000 65.7843 6 12.1345 0.236374 0 
mgh03b frag. -766.000 34.0000 77.0097 6 14.2051 0.499222 0 
mgh03f frag. -766.000 34.0000 82.4841 6 15.2149 0.487875 0 
mgh03g frag. -766.000 34.0000 95.7906 6 17.6694 0.869858 0 
mgh03h frag. -766.000 34.0000 77.7684 6 14.3451 0.591878 0 
mgh03i frag. -766.000 34.0000 81.8690 6 15.1015 0.226919 0 
mgh03j frag. -766.000 34.0000 91.9975 6 16.9698 7.563972E-02 0 
e10482a frag. -864.000 10.0000 68.9524 6 12.7189 0.350718 0 
x00674b frag. -998.000 10.0000 83.3962 6 15.3832 0.707252 0 
s1s84 frag. -1032.50 4.50000 84.1501 6 15.5222 0.445060 1b 
s1s94 frag. -1032.50 4.50000 76.8160 6 14.1694 0.396044 1b 
s1s90 frag. -1032.50 4.50000 79.5902 6 14.6811 1.960754E-03 1b 
s1s72 frag. -1017.50 10.5000 70.6299 6 13.0283 0.103912 2b 
s1s71 frag. -1017.50 10.5000 75.6681 6 13.9576 0.488193 2b 
s1s81 frag. -1017.50 10.5000 72.3837 6 13.3518 7.843018E-03 2b 
s1s53 frag. -998.500 8.50000 77.7301 6 14.3380 0.139204 3b 
s1s54 frag. -998.500 8.50000 73.7549 6 13.6047 0.478391 3b 
s1s61 frag. -998.500 8.50000 80.9507 6 14.9321 0.633281 3b 
s1s47 frag. -980.500 9.50000 78.5804 6 14.4949 1.00384 4b 
s1s48 frag. -980.500 9.50000 73.2128 6 13.5047 0.299975 4b 
s1s52 frag. -980.500 9.50000 101.348 6 18.6945 1.372337E-02 4b 
s1s100 frag. -980.500 9.50000 95.5869 6 17.6318 0.788170 4b 
s1s110 frag. -980.500 9.50000 78.0490 6 14.3968 0.470549 4b 
s1s44 frag. -963.000 8.00000 87.5514 6 16.1496 0.492115 5b 
s1s124 frag. -963.000 8.00000 75.9763 6 14.0145 0.499958 5b 
s1s119 frag. -963.000 8.00000 73.9249 6 13.6361 0.315660 5b 
s1s33 frag. -947.000 8.00000 71.2889 6 13.1499 0.725428 6b 
s1s37 frag. -947.000 8.00000 75.8807 6 13.9969 1.10187 6b 
s1s40a frag. -947.000 8.00000 74.5520 6 13.7518 1.764584E-02 6b 
s1s42 frag. -947.000 8.00000 77.5388 6 14.3027 0.664650 6b 
s1s19 frag. -934.500 4.50000 76.1783 6 14.0518 0.786207 7b 
s1s20 frag. -934.500 4.50000 78.1340 6 14.4125 6.470013E-02 7b 
s1s24 frag. -934.500 4.50000 87.5939 6 16.1575 0.392124 7b 
s1s12 frag. -921.500 8.50000 73.2447 6 13.5106 0.133322 8b 
s1s14 frag. -921.500 8.50000 69.2375 6 12.7715 0.654846 8b 
s1s16 frag. -921.500 8.50000 74.7646 6 13.7910 0.192141 8b 
s1s3 frag. -904.000 9.00000 71.9692 6 13.2753 2.940941E-02 9b 
s1s6 frag. -904.000 9.00000 76.9542 6 14.1949 0.505840 9b 
s1s7 frag. -904.000 9.00000 76.9861 6 14.2008 0.166654 9b 
s1s9 frag. -904.000 9.00000 66.4846 6 12.2637 3.137016E-02 9b 
s2s0 frag. -892.500 2.50000 85.6062 6 15.7908 2.941036E-02 10b 
jh03a frag. -716.500 15.5000 64.1924 6 11.8408 0.941146 0 
jh06b frag. -716.500 15.5000 87.2145 6 16.0875 0.570045 0 
jh12a frag. -716.500 15.5000 80.8886 6 14.9206 0.499267 0 
jh10a frag. -716.500 15.5000 74.0442 6 13.6581 0.455270 0 
jh15d frag. -675.500 25.5000 66.4738 6 12.2617 1.147842E-02 0 
jh20a frag. -675.500 25.5000 74.2516 6 13.6964 0.313715 0 
jh21a frag. -675.500 25.5000 81.5108 6 15.0354 0.151119 0 
jh24a frag. -702.500 1.50000 79.5404 6 14.6719 0.197027 0 
jh24d frag. -702.500 1.50000 75.7034 6 13.9642 0.541350 0 
jh24c frag. -702.500 1.50000 70.7256 6 13.0460 0.629343 0 
jh25b frag. -690.000 60.0000 68.3405 6 12.6060 0.275458 0 
jh27a frag. -608.000 22.0000 74.9775 6 13.8303 1.530266E-02 0 
jh28a frag. -608.000 22.0000 74.0442 6 13.6581 1.530266E-02 0 
jh55a frag. -553.000 33.0000 70.7256 6 13.0460 0.242939 0 
jh56a frag. -553.000 33.0000 67.0960 6 12.3765 2.295494E-02 0 
jh57b frag. -553.000 33.0000 66.7849 6 12.3191 0.198942 0 
SY01 frag. -770.000 50.0000 71.7553 6 13.2359 0.477962 0 
SY01 frag. -770.000 50.0000 71.5560 6 13.1991 0.496346 0 
SY01 frag. -770.000 50.0000 69.0645 6 12.7395 0.606645 0 
SY01 frag. -770.000 50.0000 71.3566 6 13.1624 0.275746 0 
SY01 frag. -770.000 50.0000 69.8617 6 12.8866 0.569878 0 
SY01 frag. -770.000 50.0000 73.2502 6 13.5116 0.477963 0 
SY01 frag. -770.000 50.0000 77.1369 6 14.2286 7.353306E-02 0 
SY01 frag. -770.000 50.0000 75.5424 6 13.9345 0.110298 0 
SY03 frag. -770.000 50.0000 79.3295 6 14.6330 0.349281 0 
SY03 frag. -770.000 50.0000 73.5492 6 13.5668 0.275748 0 
SY03 frag. -770.000 50.0000 79.7281 6 14.7065 0.165449 0 
SY03 frag. -770.000 50.0000 80.5254 6 14.8536 0.330896 0 
Lot05 frag. -1150.00 50.0000 54.0712 6 9.97390 0.183681 0 
Lot05 frag. -1150.00 50.0000 59.0501 6 10.8923 0.697989 0 
Lot05 frag. -1150.00 50.0000 60.6434 6 11.1862 0.551044 0 
Lot05 frag. -1150.00 50.0000 62.6349 6 11.5536 0.679622 0 
Lot05 frag. -1150.00 50.0000 61.6391 6 11.3699 0.569413 0 
Lot05 frag. -1150.00 50.0000 63.1328 6 11.6454 0.367362 0 
Lot05 frag. -1150.00 50.0000 54.5691 6 10.0657 0.495939 0 
TM01 frag. -725.000 25.0000 68.3190 6 12.6020 0.388039 0 
TM01 frag. -725.000 25.0000 70.7232 6 13.0455 0.110869 0 
TM01 frag. -725.000 25.0000 70.3225 6 12.9716 0.646733 0 
TM01 frag. -725.000 25.0000 76.2328 6 14.0618 0.314128 0 
TM01 frag. -725.000 25.0000 74.7302 6 13.7846 0.628255 0 
TM01 frag. -725.000 25.0000 69.0202 6 12.7314 0.203259 0 
Lot28 frag. -725.000 25.0000 76.0325 6 14.0249 0.702168 0 
Lot28 frag. -725.000 25.0000 70.1222 6 12.9347 0.646732 0 
Lot28 frag. -725.000 25.0000 71.1239 6 13.1194 0.665211 0 
Lot28 frag. -725.000 25.0000 75.2311 6 13.8770 0.702167 0 
Lot28 frag. -725.000 25.0000 70.6230 6 13.0270 0.646732 0 
Lot28 frag. -725.000 25.0000 73.5281 6 13.5629 0.683688 0 
Lot28 frag. -725.000 25.0000 75.1309 6 13.8586 0.702167 0 
Lot28 frag. -725.000 25.0000 76.3330 6 14.0803 0.702167 0 
Lot29 frag. -650.000 50.0000 74.8304 6 13.8031 0.683689 0 
Lot29 frag. -650.000 50.0000 72.2258 6 13.3227 0.665210 0 
Lot29 frag. -650.000 50.0000 76.4332 6 14.0988 0.702168 0 
Lot29 frag. -650.000 50.0000 75.9323 6 14.0064 0.702168 0 
Lot31 frag. -575.000 25.0000 70.7085 6 13.0428 0.653956 0 
Lot31 frag. -575.000 25.0000 68.4435 6 12.6250 0.635791 0 
Lot31 frag. -575.000 25.0000 69.3298 6 12.7885 0.635791 0 
Lot31 frag. -575.000 25.0000 68.4435 6 12.6250 0.635791 0 
Lot31 frag. -575.000 25.0000 69.6253 6 12.8430 0.635792 0 
Lot31 frag. -575.000 25.0000 68.8374 6 12.6977 0.635792 0 
Lot31 frag. -575.000 25.0000 67.9511 6 12.5342 0.635792 0 
AT1 struct. -1050.00 150.000 96.2021 6.69224 17.7453 1.23444 0 
KITPIIf1 frag. -725.000 75.0000 86.9016 6 16.0298 0.396240 0 
KITPIIf2 frag. -725.000 75.0000 76.5515 6 14.1206 0.180108 0 
TT1 struct. -672.000 10.0000 94.7077 6 17.4697 0.379383 0 
