hz11a frag. -1050.00 50.0 69.7275 4 12.8618 5.642891E-03 1a 
hz11b frag. -1050.00 50.0 62.3357 4 11.4984 1.504517E-02 1a 
hz11c frag. -1050.00 50.0 60.6024 4 11.1786 0.579245 1a 
hz10b frag. -950.000 50.0 78.7811 4 14.5319 9.404182E-03 2a 
hz10c frag. -950.000 50.0 66.0571 4 12.1848 0.545391 2a 
hz10d frag. -950.000 50.0 67.1990 4 12.3954 0.235083 2a 
hz09a frag. -950.000 50.0 67.5354 4 12.4575 0.306547 3a 
hz07a frag. -850.000 50.0 65.6288 4 12.1058 3.949356E-02 0 
hz07b frag. -850.000 50.0 73.4386 4 13.5464 9.403324E-02 0 
hz07c frag. -850.000 50.0 58.1963 4 10.7348 0.613096 0 
hz07d frag. -850.000 50.0 69.9620 4 12.9051 0.526586 0 
hz07e frag. -850.000 50.0 77.2722 4 14.2535 0.289621 0 
hz05a frag. -766.000 34.0 89.8739 4 16.5780 5.077744E-02 0 
hz05b frag. -766.000 34.0 77.1702 4.5778 14.2347 0.844417 0 
hz05c frag. -766.000 34.0 84.7761 4 15.6377 6.394100E-02 0 
hz05e frag. -766.000 34.0 68.9220 4 12.7133 7.334614E-02 0 
hz05f frag. -766.000 34.0 83.1142 4 15.3312 0.357326 0 
hz05g frag. -766.000 34.0 74.6927 4 13.7777 0.325355 0 
hz06a frag. -766.000 34.0 69.1361 4 12.7528 0.586766 0 
hz06b frag. -766.000 34.0 72.0419 4 13.2888 0.142931 0 
hz06c frag. -766.000 34.0 79.2093 4 14.6109 5.641937E-03 0 
mgk06a frag. -1155.00 25.0 68.2754 4 12.5940 0.156953 0 
mgk06b frag. -1155.00 25.0 63.9287 4 11.7922 0.572970 0 
mgk06c frag. -1155.00 25.0 63.9390 4 11.7941 0.463293 0 
mgk06d frag. -1155.00 25.0 62.2167 4 11.4764 8.698559E-02 0 
mgh12 frag. -1125.00 25.0 62.2577 4 11.4840 0.121023 0 
mgh09h frag. -1000.00 50.0 68.1114 4 12.5637 5.861950E-02 0 
mgh09j frag. -1000.00 50.0 75.5643 4 13.9385 5.673409E-03 0 
mgh09k frag. -1000.00 50.0 85.0162 4 15.6820 1.134682E-02 0 
mgh09l frag. -1000.00 50.0 85.6826 4 15.8049 8.698654E-02 0 
mgh09m frag. -1000.00 50.0 68.8187 4 12.6942 0.512460 0 
mgh07b frag. -900.000 50.0 76.5382 4 14.1181 0.478419 0 
mgh07d frag. -900.000 50.0 69.5158 4 12.8228 0.455728 0 
mgq05t1 frag. -900.000 50.0 70.3975 4 12.9854 0.130479 0 
mgq05t2 frag. -900.000 50.0 65.7843 4 12.1345 0.236374 0 
mgh03b frag. -766.000 34.0 77.0097 4 14.2051 0.499222 0 
mgh03f frag. -766.000 34.0 82.4841 4 15.2149 0.487875 0 
mgh03g frag. -766.000 34.0 95.7906 4.71571 17.6694 0.869858 0 
mgh03h frag. -766.000 34.0 77.7684 4 14.3451 0.591878 0 
mgh03i frag. -766.000 34.0 81.8690 4 15.1015 0.226919 0 
mgh03j frag. -766.000 34.0 91.9975 4 16.9698 7.563972E-02 0 
e10482a frag. -864.000 10.0 68.9524 4 12.7189 0.350718 0 
x00674b frag. -998.000 10.0 83.3962 4 15.3832 0.707252 0 
s1s84 frag. -1032.50 4.5 84.1501 4 15.5222 0.445060 1b 
s1s94 frag. -1032.50 4.5 76.8160 4 14.1694 0.396044 1b 
s1s90 frag. -1032.50 4.5 79.5902 4 14.6811 1.960754E-03 1b 
s1s72 frag. -1017.50 10.5 70.6299 4 13.0283 0.103912 2b 
s1s71 frag. -1017.50 10.5 75.6681 4 13.9576 0.488193 2b 
s1s81 frag. -1017.50 10.5 72.3837 4 13.3518 7.843018E-03 2b 
s1s53 frag. -998.500 8.5 77.7301 4 14.3380 0.139204 3b 
s1s54 frag. -998.500 8.5 73.7549 4 13.6047 0.478391 3b 
s1s61 frag. -998.500 8.5 80.9507 4 14.9321 0.633281 3b 
s1s47 frag. -980.500 9.5 78.5804 5.44207 14.4949 1.00384 4b 
s1s48 frag. -980.500 9.5 73.2128 4 13.5047 0.299975 4b 
s1s52 frag. -980.500 9.5 101.348 4 18.6945 1.372337E-02 4b 
s1s100 frag. -980.500 9.5 95.5869 4.27287 17.6318 0.788170 4b 
s1s110 frag. -980.500 9.5 78.0490 4 14.3968 0.470549 4b 
s1s44 frag. -963.000 8.0 87.5514 4 16.1496 0.492115 5b 
s1s124 frag. -963.000 8.0 75.9763 4 14.0145 0.499958 5b 
s1s119 frag. -963.000 8.0 73.9249 4 13.6361 0.315660 5b 
s1s33 frag. -947.000 8.0 71.2889 4 13.1499 0.725428 6b 
s1s37 frag. -947.000 8.0 75.8807 5.97352 13.9969 1.10187 6b 
s1s40a frag. -947.000 8.0 74.5520 4 13.7518 1.764584E-02 6b 
s1s42 frag. -947.000 8.0 77.5388 4 14.3027 0.664650 6b 
s1s19 frag. -934.500 4.5 76.1783 4.26225 14.0518 0.786207 7b 
s1s20 frag. -934.500 4.5 78.1340 4 14.4125 6.470013E-02 7b 
s1s24 frag. -934.500 4.5 87.5939 4 16.1575 0.392124 7b 
s1s12 frag. -921.500 8.5 73.2447 4 13.5106 0.133322 8b 
s1s14 frag. -921.500 8.5 69.2375 4 12.7715 0.654846 8b 
s1s16 frag. -921.500 8.5 74.7646 4 13.7910 0.192141 8b 
s1s3 frag. -904.000 9.0 71.9692 4 13.2753 2.940941E-02 9b 
s1s6 frag. -904.000 9.0 76.9542 4 14.1949 0.505840 9b 
s1s7 frag. -904.000 9.0 76.9861 4 14.2008 0.166654 9b 
s1s9 frag. -904.000 9.0 66.4846 4 12.2637 3.137016E-02 9b 
s2s0 frag. -892.500 2.5 85.6062 4 15.7908 2.941036E-02 10b 
jh03a frag. -716.500 15.5 64.1924 5.1022 11.8408 0.941146 0 
jh06b frag. -716.500 15.5 87.2145 4 16.0875 0.570045 0 
jh12a frag. -716.500 15.5 80.8886 4 14.9206 0.499267 0 
jh10a frag. -716.500 15.5 74.0442 4 13.6581 0.455270 0 
jh15d frag. -675.500 25.5 66.4738 4 12.2617 1.147842E-02 0 
jh20a frag. -675.500 25.5 74.2516 4 13.6964 0.313715 0 
jh21a frag. -675.500 25.5 81.5108 4 15.0354 0.151119 0 
jh24a frag. -702.500 1.5 79.5404 4 14.6719 0.197027 0 
jh24d frag. -702.500 1.5 75.7034 4 13.9642 0.541350 0 
jh24c frag. -702.500 1.5 70.7256 4 13.0460 0.629343 0 
jh25b frag. -690.000 60.0 68.3405 4 12.6060 0.275458 0 
jh27a frag. -608.000 22.0 74.9775 4 13.8303 1.530266E-02 0 
jh28a frag. -608.000 22.0 74.0442 4 13.6581 1.530266E-02 0 
jh55a frag. -553.000 33.0 70.7256 4 13.0460 0.242939 0 
jh56a frag. -553.000 33.0 67.0960 4 12.3765 2.295494E-02 0 
jh57b frag. -553.000 33.0 66.7849 4 12.3191 0.198942 0 
SY01 frag. -770.000 50.0 71.7553 4 13.2359 0.477962 0 
SY01 frag. -770.000 50.0 71.5560 4 13.1991 0.496346 0 
SY01 frag. -770.000 50.0 69.0645 4 12.7395 0.606645 0 
SY01 frag. -770.000 50.0 71.3566 4 13.1624 0.275746 0 
SY01 frag. -770.000 50.0 69.8617 4 12.8866 0.569878 0 
SY01 frag. -770.000 50.0 73.2502 4 13.5116 0.477963 0 
SY01 frag. -770.000 50.0 77.1369 4 14.2286 7.353306E-02 0 
SY01 frag. -770.000 50.0 75.5424 4 13.9345 0.110298 0 
SY03 frag. -770.000 50.0 79.3295 4 14.6330 0.349281 0 
SY03 frag. -770.000 50.0 73.5492 4 13.5668 0.275748 0 
SY03 frag. -770.000 50.0 79.7281 4 14.7065 0.165449 0 
SY03 frag. -770.000 50.0 80.5254 4 14.8536 0.330896 0 
Lot05 frag. -1150.00 50.0 54.0712 4 9.97390 0.183681 0 
Lot05 frag. -1150.00 50.0 59.0501 4 10.8923 0.697989 0 
Lot05 frag. -1150.00 50.0 60.6434 4 11.1862 0.551044 0 
Lot05 frag. -1150.00 50.0 62.6349 4 11.5536 0.679622 0 
Lot05 frag. -1150.00 50.0 61.6391 4 11.3699 0.569413 0 
Lot05 frag. -1150.00 50.0 63.1328 4 11.6454 0.367362 0 
Lot05 frag. -1150.00 50.0 54.5691 4 10.0657 0.495939 0 
TM01 frag. -725.000 25.0 68.3190 4 12.6020 0.388039 0 
TM01 frag. -725.000 25.0 70.7232 4 13.0455 0.110869 0 
TM01 frag. -725.000 25.0 70.3225 4 12.9716 0.646733 0 
TM01 frag. -725.000 25.0 76.2328 4 14.0618 0.314128 0 
TM01 frag. -725.000 25.0 74.7302 4 13.7846 0.628255 0 
TM01 frag. -725.000 25.0 69.0202 4 12.7314 0.203259 0 
Lot28 frag. -725.000 25.0 76.0325 4 14.0249 0.702168 0 
Lot28 frag. -725.000 25.0 70.1222 4 12.9347 0.646732 0 
Lot28 frag. -725.000 25.0 71.1239 4 13.1194 0.665211 0 
Lot28 frag. -725.000 25.0 75.2311 4 13.8770 0.702167 0 
Lot28 frag. -725.000 25.0 70.6230 4 13.0270 0.646732 0 
Lot28 frag. -725.000 25.0 73.5281 4 13.5629 0.683688 0 
Lot28 frag. -725.000 25.0 75.1309 4 13.8586 0.702167 0 
Lot28 frag. -725.000 25.0 76.3330 4 14.0803 0.702167 0 
Lot29 frag. -650.000 50.0 74.8304 4 13.8031 0.683689 0 
Lot29 frag. -650.000 50.0 72.2258 4 13.3227 0.665210 0 
Lot29 frag. -650.000 50.0 76.4332 4 14.0988 0.702168 0 
Lot29 frag. -650.000 50.0 75.9323 4 14.0064 0.702168 0 
Lot31 frag. -575.000 25.0 70.7085 4 13.0428 0.653956 0 
Lot31 frag. -575.000 25.0 68.4435 4 12.6250 0.635791 0 
Lot31 frag. -575.000 25.0 69.3298 4 12.7885 0.635791 0 
Lot31 frag. -575.000 25.0 68.4435 4 12.6250 0.635791 0 
Lot31 frag. -575.000 25.0 69.6253 4 12.8430 0.635792 0 
Lot31 frag. -575.000 25.0 68.8374 4 12.6977 0.635792 0 
Lot31 frag. -575.000 25.0 67.9511 4 12.5342 0.635792 0 
AT1 struct. -1050.00 150.0 96.2021 6.69224 17.7453 1.23444 0 
KITPIIf1 frag. -725.000 75.0 86.9016 4 16.0298 0.396240 0 
KITPIIf2 frag. -725.000 75.0 76.5515 4 14.1206 0.180108 0 
TT1 struct. -672.000 10.0 94.7077 4 17.4697 0.379383 0 
