hz11a group -1050.00 50.0000 64.2321 4.89387 11.8482 0.902716 1a 
hz10b group -950.000 50.0000 70.6553 7.03494 13.0330 1.29766 2a 
hz07a group -850.000 50.0000 68.9220 7.34081 12.7133 1.35408 0 
hz05a group -766.000 34.0000 79.7293 7.64667 14.7068 1.41050 0 
hz06a group -766.000 34.0000 73.5100 5.19974 13.5596 0.959137 0 
mgk06a group -1155.00 25.0000 64.5848 3.22924 11.9132 0.595662 0 
mgh09h group -1000.00 50.0000 76.6817 8.50880 14.1446 1.56952 0 
mgh07b group -900.000 50.0000 72.9911 3.64956 13.4639 0.673193 0 
mgq05t group -900.000 50.0000 68.0704 3.40352 12.5562 0.627809 0 
mgh03b group -766.000 34.0000 84.4729 7.68867 15.5818 1.41824 0 
s1s84 group -1032.50 25.0000 80.1854 4.00927 14.7909 0.739545 1b 
s1s72 group -1017.50 25.0000 72.9152 3.64576 13.4498 0.672492 2b 
s1s53 group -998.500 25.0000 77.4857 3.87428 14.2929 0.714645 3b 
s1s47 group -980.500 25.0000 85.3512 12.3297 15.7438 2.27432 4b 
s1s44 group -963.000 25.0000 79.1863 7.33404 14.6066 1.35283 5b 
s1s33 group -947.000 25.0000 74.8284 3.74142 13.8028 0.690138 6b 
s1s19 group -934.500 25.0000 80.6744 6.05855 14.8811 1.11755 7b 
s1s12 group -921.500 25.0000 72.3837 3.61919 13.3518 0.667591 8b 
s1s3 group -904.000 25.0000 73.1278 4.99564 13.4891 0.921492 9b 
jh03a group -716.500 25.0000 76.6367 9.85181 14.1363 1.81725 0 
jh15d group -675.500 25.5000 74.0442 7.57034 13.6581 1.39642 0 
jh24a group -702.500 25.0000 75.2886 4.45925 13.8876 0.822547 0 
jh27a group -619.000 25.0000 74.5627 3.72813 13.7537 0.687687 0 
jh55a group -553.000 33.0000 68.2368 3.41184 12.5869 0.629344 0 
SY01 group -770.000 50.0000 72.4529 3.62264 13.3646 0.668229 0 
SY03 group -770.000 50.0000 78.3328 3.91664 14.4492 0.722459 0 
Lot05 group -1150.00 50.0000 58.9505 3.58483 10.8739 0.661253 0 
TM01 group -725.000 25.0000 71.6248 3.58124 13.2118 0.660591 0 
Lot28 group -725.000 25.0000 73.5281 3.67641 13.5629 0.678145 0 
Lot29 group -650.000 50.0000 74.8304 3.74152 13.8031 0.690156 0 
Lot31 group -575.000 25.0000 69.0344 3.45172 12.7340 0.636700 0 
AT1 struct. -1050.00 150.000 96.2021 6.69224 17.7453 1.23444 0 
KITPIIf group. -725.000 75.0000 81.7266 5.17504 15.0752 0.954581 0 
TT1 struct. -672.000 25.0000 94.7077 4.73538 17.4697 0.873483 0 
