hz11a group -1050.00 50.0 64.2321 4.89387 11.8482 0.902716 1a 
hz10b group -950.000 50.0 70.6553 7.03494 13.0330 1.29766 2a 
hz07a group -850.000 50.0 68.9220 7.34081 12.7133 1.35408 0 
hz05a group -766.000 50.0 79.7293 7.64667 14.7068 1.41050 0 
hz06a group -766.000 50.0 73.5100 5.19974 13.5596 0.959137 0 
mgk06a group -1155.00 50.0 64.5848 2.56289 11.9132 0.472749 0 
mgh09h group -1000.00 50.0 76.6817 8.50880 14.1446 1.56952 0 
mgh03b group -766.000 50.0 84.4729 7.68867 15.5818 1.41824 0 
s1s84 group -1032.50 50.0 80.1854 3.72016 14.7909 0.686216 1b 
s1s72 group -1017.50 50.0 72.9152 2.55097 13.4498 0.470548 2b 
s1s53 group -998.500 50.0 77.4857 3.61388 14.2929 0.666610 3b 
s1s47 group -980.500 50.0 85.3512 12.3297 15.7438 2.27432 4b 
s1s44 group -963.000 50.0 79.1863 7.33404 14.6066 1.35283 5b 
s1s33 group -947.000 50.0 74.8284 2.65726 13.8028 0.490153 6b 
s1s19 group -934.500 50.0 80.6744 6.05855 14.8811 1.11755 7b 
s1s12 group -921.500 50.0 72.3837 2.86983 13.3518 0.529366 8b 
s1s3 group -904.000 50.0 73.1278 4.99564 13.4891 0.921492 9b 
jh03a group -716.500 50.0 76.6367 9.85181 14.1363 1.81725 0 
jh15d group -675.500 50.0 74.0442 7.57034 13.6581 1.39642 0 
jh24a group -702.500 50.0 75.2886 4.45925 13.8876 0.822547 0 
jh55a group -553.000 50.0 68.2368 2.17777 12.5869 0.401709 0 
SY01 group -770.000 50.0 72.4529 2.79049 13.3646 0.514729 0 
SY03 group -770.000 50.0 78.3328 3.18913 14.4492 0.588262 0 
Lot05 group -1150.00 50.0 58.9505 3.58483 10.8739 0.661253 0 
TM01 group -725.000 50.0 71.6248 2.90506 13.2118 0.535864 0 
Lot28 group -725.000 50.0 73.5281 2.50436 13.5629 0.461952 0 
Lot29 group -650.000 50.0 74.8304 1.90332 13.8031 0.351082 0 
Lot31 group -575.000 50.0 69.0344 0.886314 12.7340 0.163488 0 
AT1 struct. -1050.00 150.0 96.2021 6.69224 17.7453 1.23444 0 
