hz11a frag. -1050.00 50.0000 69.7275 3.48637 12.8618 0.643092 1a 
hz11b frag. -1050.00 50.0000 62.3357 3.11678 11.4984 0.574918 1a 
hz11c frag. -1050.00 50.0000 60.6024 3.14023 11.1786 0.579245 1a 
hz10b frag. -950.000 50.0000 78.7811 3.93906 14.5319 0.726593 2a 
hz10c frag. -950.000 50.0000 66.0571 3.30285 12.1848 0.609240 2a 
hz10d frag. -950.000 50.0000 67.1990 3.35995 12.3954 0.619772 2a 
hz09a frag. -950.000 50.0000 67.5354 3.37677 12.4575 0.622875 3a 
hz07a frag. -850.000 50.0000 65.6288 3.28144 12.1058 0.605291 0 
hz07b frag. -850.000 50.0000 73.4386 3.67193 13.5464 0.677320 0 
hz07c frag. -850.000 50.0000 58.1963 3.32375 10.7348 0.613096 0 
hz07d frag. -850.000 50.0000 69.9620 3.49810 12.9051 0.645255 0 
hz07e frag. -850.000 50.0000 77.2722 3.86361 14.2535 0.712677 0 
hz05a frag. -766.000 50.0000 89.8739 4.49370 16.5780 0.828901 0 
hz05b frag. -766.000 50.0000 77.1702 4.57780 14.2347 0.844417 0 
hz05c frag. -766.000 50.0000 84.7761 4.23881 15.6377 0.781885 0 
hz05e frag. -766.000 50.0000 68.9220 3.44610 12.7133 0.635664 0 
hz05f frag. -766.000 50.0000 83.1142 4.15571 15.3312 0.766558 0 
hz05g frag. -766.000 50.0000 74.6927 3.73464 13.7777 0.688886 0 
hz06a frag. -766.000 50.0000 69.1361 3.45681 12.7528 0.637638 0 
hz06b frag. -766.000 50.0000 72.0419 3.60209 13.2888 0.664438 0 
hz06c frag. -766.000 50.0000 79.2093 3.96047 14.6109 0.730543 0 
mgk06a frag. -1155.00 50.0000 68.2754 3.41377 12.5940 0.629700 0 
mgk06b frag. -1155.00 50.0000 63.9287 3.19644 11.7922 0.589611 0 
mgk06c frag. -1155.00 50.0000 63.9390 3.19695 11.7941 0.589705 0 
mgk06d frag. -1155.00 50.0000 62.2167 3.11084 11.4764 0.573821 0 
mgh12 frag. -1125.00 50.0000 62.2577 3.11289 11.4840 0.574199 0 
mgh09h frag. -1000.00 50.0000 68.1114 3.40557 12.5637 0.628187 0 
mgh09j frag. -1000.00 50.0000 75.5643 3.77821 13.9385 0.696925 0 
mgh09k frag. -1000.00 50.0000 85.0162 4.25081 15.6820 0.784099 0 
mgh09l frag. -1000.00 50.0000 85.6826 4.28413 15.8049 0.790245 0 
mgh09m frag. -1000.00 50.0000 68.8187 3.44094 12.6942 0.634711 0 
mgh07b frag. -900.000 50.0000 76.5382 3.82691 14.1181 0.705907 0 
mgh07d frag. -900.000 50.0000 69.5158 3.47579 12.8228 0.641140 0 
mgq05t1 frag. -900.000 50.0000 70.3975 3.51987 12.9854 0.649272 0 
mgq05t2 frag. -900.000 50.0000 65.7843 3.28921 12.1345 0.606724 0 
mgh03b frag. -766.000 50.0000 77.0097 3.85049 14.2051 0.710256 0 
mgh03f frag. -766.000 50.0000 82.4841 4.12420 15.2149 0.760746 0 
mgh03g frag. -766.000 50.0000 95.7906 4.78953 17.6694 0.883471 0 
mgh03h frag. -766.000 50.0000 77.7684 3.88842 14.3451 0.717253 0 
mgh03i frag. -766.000 50.0000 81.8690 4.09345 15.1015 0.755073 0 
mgh03j frag. -766.000 50.0000 91.9975 4.59988 16.9698 0.848488 0 
e10482a frag. -864.000 50.0000 68.9524 3.44762 12.7189 0.635944 0 
x00674b frag. -998.000 50.0000 83.3962 4.16981 15.3832 0.769159 0 
s1s84 frag. -1032.50 50.0000 84.1501 4.20750 15.5222 0.776111 1b 
s1s94 frag. -1032.50 50.0000 76.8160 3.84080 14.1694 0.708470 1b 
s1s90 frag. -1032.50 50.0000 79.5902 3.97951 14.6811 0.734056 1b 
s1s72 frag. -1017.50 50.0000 70.6299 3.53150 13.0283 0.651415 2b 
s1s71 frag. -1017.50 50.0000 75.6681 3.78340 13.9576 0.697882 2b 
s1s81 frag. -1017.50 50.0000 72.3837 3.61919 13.3518 0.667591 2b 
s1s53 frag. -998.500 50.0000 77.7301 3.88651 14.3380 0.716900 3b 
s1s54 frag. -998.500 50.0000 73.7549 3.68774 13.6047 0.680237 3b 
s1s61 frag. -998.500 50.0000 80.9507 4.04754 14.9321 0.746603 3b 
s1s47 frag. -980.500 50.0000 78.5804 5.44207 14.4949 1.00384 4b 
s1s48 frag. -980.500 50.0000 73.2128 3.66064 13.5047 0.675237 4b 
s1s52 frag. -980.500 50.0000 101.348 5.06739 18.6945 0.934725 4b 
s1s100 frag. -980.500 50.0000 95.5869 4.77935 17.6318 0.881592 4b 
s1s110 frag. -980.500 50.0000 78.0490 3.90245 14.3968 0.719841 4b 
s1s44 frag. -963.000 50.0000 87.5514 4.37757 16.1496 0.807481 5b 
s1s124 frag. -963.000 50.0000 75.9763 3.79882 14.0145 0.700725 5b 
s1s119 frag. -963.000 50.0000 73.9249 3.69625 13.6361 0.681805 5b 
s1s33 frag. -947.000 50.0000 71.2889 3.93274 13.1499 0.725428 6b 
s1s37 frag. -947.000 50.0000 75.8807 5.97352 13.9969 1.10187 6b 
s1s40a frag. -947.000 50.0000 74.5520 3.72760 13.7518 0.687589 6b 
s1s42 frag. -947.000 50.0000 77.5388 3.87694 14.3027 0.715136 6b 
s1s19 frag. -934.500 50.0000 76.1783 4.26225 14.0518 0.786207 7b 
s1s20 frag. -934.500 50.0000 78.1340 3.90670 14.4125 0.720625 7b 
s1s24 frag. -934.500 50.0000 87.5939 4.37969 16.1575 0.807873 7b 
s1s12 frag. -921.500 50.0000 73.2447 3.66223 13.5106 0.675531 8b 
s1s14 frag. -921.500 50.0000 69.2375 3.55010 12.7715 0.654846 8b 
s1s16 frag. -921.500 50.0000 74.7646 3.73823 13.7910 0.689550 8b 
s1s3 frag. -904.000 50.0000 71.9692 3.59846 13.2753 0.663767 9b 
s1s6 frag. -904.000 50.0000 76.9542 3.84771 14.1949 0.709744 9b 
s1s7 frag. -904.000 50.0000 76.9861 3.84930 14.2008 0.710038 9b 
s1s9 frag. -904.000 50.0000 66.4846 3.32423 12.2637 0.613183 9b 
s2s0 frag. -892.500 50.0000 85.6062 4.28031 15.7908 0.789541 10b 
jh03a frag. -716.500 50.0000 64.1924 5.10220 11.8408 0.941146 0 
jh06b frag. -716.500 50.0000 87.2145 4.36072 16.0875 0.804374 0 
jh12a frag. -716.500 50.0000 80.8886 4.04443 14.9206 0.746030 0 
jh10a frag. -716.500 50.0000 74.0442 3.70221 13.6581 0.682905 0 
jh15d frag. -675.500 50.0000 66.4738 3.32369 12.2617 0.613084 0 
jh20a frag. -675.500 50.0000 74.2516 3.71258 13.6964 0.684818 0 
jh21a frag. -675.500 50.0000 81.5108 4.07554 15.0354 0.751769 0 
jh24a frag. -702.500 50.0000 79.5404 3.97702 14.6719 0.733597 0 
jh24d frag. -702.500 50.0000 75.7034 3.78517 13.9642 0.698208 0 
jh24c frag. -702.500 50.0000 70.7256 3.53628 13.0460 0.652298 0 
jh25b frag. -690.000 60.0000 68.3405 3.41702 12.6060 0.630300 0 
jh27a frag. -608.000 50.0000 74.9775 3.74887 13.8303 0.691513 0 
jh28a frag. -608.000 50.0000 74.0442 3.70221 13.6581 0.682905 0 
jh55a frag. -553.000 50.0000 70.7256 3.53628 13.0460 0.652298 0 
jh56a frag. -553.000 50.0000 67.0960 3.35480 12.3765 0.618823 0 
jh57b frag. -553.000 50.0000 66.7849 3.33925 12.3191 0.615953 0 
SY01 group -770.000 50.0000 72.4529 3.62264 13.3646 0.668229 0 
SY03 group -770.000 50.0000 78.3328 3.91664 14.4492 0.722459 0 
Lot05 group -1150.00 50.0000 58.9505 3.58483 10.8739 0.661253 0 
TM01 group -725.000 50.0000 71.6248 3.58124 13.2118 0.660591 0 
Lot28 group -725.000 50.0000 73.5281 3.67641 13.5629 0.678145 0 
Lot29 group -650.000 50.0000 74.8304 3.74152 13.8031 0.690156 0 
Lot31 group -575.000 50.0000 69.0344 3.45172 12.7340 0.636700 0 
AT1 struct. -1050.00 150.000 96.2021 6.69224 17.7453 1.23444 0 
KITPIIf1 frag. -725.000 75.0000 86.9016 4.34508 16.0298 0.801488 0 
KITPIIf2 frag. -725.000 75.0000 76.5515 3.82758 14.1206 0.706030 0 
TT1 struct. -672.000 50.0000 94.7077 4.73538 17.4697 0.873483 0 
